3	250	1065
-59	24	114
23	206	-13
122	-161	-151
159	161	116
-241	188	-145
-136	122	-159
21	-110	199
168	4	182
198	217	245
-176	31	-70
92	216	113
-112	162	56
-63	47	9
-78	72	-87
-67	143	211
-90	190	20
59	142	234
-190	-100	-73
-40	-58	249
57	-15	4
71	-240	41
-163	1	-212
-173	54	98
-172	-41	136
32	-224	-99
-136	-62	-239
-246	-64	181
207	-131	98
132	-48	140
-102	249	31
-199	169	-83
119	91	48
-94	4	138
-40	-190	61
236	58	28
38	-207	229
-105	12	-163
158	154	215
58	134	-211
-146	48	-225
-234	-102	189
-36	-76	-94
159	-135	-59
145	238	37
-23	-1	-147
-229	158	62
249	155	110
247	-12	-222
-208	-28	-139
-93	-156	-245
200	131	-76
-45	-46	-100
-241	-134	214
114	-147	126
-246	-235	164
-159	-173	-195
180	-228	-37
-232	122	-59
-43	-198	144
177	-195	-19
155	94	164
-92	7	-75
53	-18	-78
108	-6	109
36	-100	-3
-46	-94	31
-57	-34	-115
-87	215	-168
-75	-182	136
-242	218	159
-182	68	-192
-70	-84	168
85	-52	44
133	-41	-50
-78	-215	-200
85	141	40
160	173	150
-157	-191	-167
68	77	-172
100	-173	111
21	244	210
127	178	234
141	161	-32
189	179	-51
5	-145	-69
-184	215	-222
-205	-151	-169
30	68	-84
36	-63	-122
232	177	62
-27	225	-221
-238	73	146
-79	41	141
-106	-136	-77
-145	203	-176
-212	29	192
178	-15	-132
146	-249	183
-51	-17	-169
126	139	94
-18	-57	-124
-17	-166	165
-41	-135	-84
-6	221	12
-66	224	-144
-4	-42	45
-28	-17	-199
27	-206	-73
105	184	214
122	174	35
4	-86	101
81	-241	118
218	209	-238
-34	174	-99
58	-162	-131
152	-180	49
-103	59	-2
-2	56	-142
154	-129	-135
210	184	86
54	-178	-192
114	33	227
-48	-4	-121
150	-147	-95
209	-109	-154
-56	2	108
-166	217	71
208	129	77
-44	219	216
109	211	-223
193	60	173
-88	222	242
230	-72	202
126	193	-238
-206	-190	-201
99	-145	14
47	-33	-41
111	-170	226
82	-102	-68
60	148	89
-215	-174	-186
48	240	163
-243	-139	-23
-93	32	100
-59	-160	189
187	-134	123
-159	-121	165
-239	-37	40
-50	18	-137
-18	-28	-117
-102	-81	-67
-227	101	-68
-159	86	-2
236	92	6
-51	-69	151
48	85	179
-62	-34	221
96	84	-153
86	-17	36
215	190	-156
-213	156	224
-13	-83	-65
-51	-57	74
-147	240	122
-19	-45	201
63	123	-214
-68	27	66
-122	60	-85
-50	159	228
-182	109	103
-190	-96	-135
-137	200	-175
231	-203	243
54	198	163
-90	-50	-112
204	121	241
-236	161	-72
93	-95	106
90	-213	201
4	83	118
-10	229	-170
-122	-52	-105
-95	-54	-62
-203	-229	-183
222	234	10
139	108	13
1	-229	130
-73	-17	145
105	170	-12
-214	-45	225
7	23	181
-97	-81	-17
-67	-9	-204
245	248	-90
-248	-249	206
-46	-229	-112
15	95	-23
-218	137	216
-92	93	-106
94	96	140
139	114	90
-192	-105	181
-172	103	-138
247	117	-78
-243	-142	22
242	79	204
168	-22	148
-100	158	-136
224	-42	27
-227	135	-216
88	8	235
-84	7	85
-14	-205	228
60	-166	-64
-160	-193	92
31	27	-116
-79	-151	211
-235	146	-21
235	-104	128
6	-100	-36
205	6	3
-24	100	220
50	-248	247
-33	-194	144
4	248	-183
15	48	-162
86	141	32
-156	-174	42
192	-26	-194
169	-189	183
-8	243	-75
-102	-94	-83
-179	-54	130
-222	-146	149
101	151	23
-61	-9	243
-77	-30	-95
-116	92	46
118	-33	-147
100	49	28
123	143	-37
-117	105	-243
205	129	247
-1	242	91
24	-107	-87
80	-102	62
80	84	-194
-228	-250	-86
32	-250	-201
-161	-170	65
-167	-51	146
68	247	-197
219	46	-241
-14	-51	-240
-172	85	56
-29	-249	-78
-37	45	240
-224	24	104
-204	92	174
-79	-227	182
-160	-241	-12
-231	-201	32
-29	157	-111
-5	74	31
-26	-95	62
-220	138	-14
-219	105	129
-87	-104	217
-137	-241	-161
2	-195	-21
87	121	136
-29	70	-114
-218	157	43
-21	-240	-20
-108	-158	135
127	-58	157
-21	187	-79
74	-61	-54
-145	-15	148
-104	-53	-211
-24	58	-239
189	-91	-85
-165	-49	-238
126	-60	-248
76	78	-246
-218	90	235
-104	-210	144
115	141	166
85	235	140
25	83	192
-197	86	97
-235	145	77
-246	198	195
-242	-135	38
-245	241	-128
193	-209	83
-157	124	19
-37	-247	49
34	149	-233
-117	-24	-190
241	-151	160
-197	97	-172
67	116	169
-212	-129	226
144	66	-29
-35	51	139
-243	71	175
87	-102	-119
81	178	93
62	16	-108
-78	134	219
-45	-69	-162
224	69	48
-56	-155	191
191	22	-78
-216	-190	-60
-26	-201	-206
-135	-143	7
-196	-41	-235
199	-130	217
202	144	-18
148	103	123
41	174	-186
128	-52	-210
57	-136	-28
102	113	-99
-42	22	28
-207	-166	242
62	-90	149
-171	9	-221
154	135	245
-177	-45	141
23	166	-181
112	-119	-234
97	61	-195
-199	-162	111
-63	90	159
-219	67	33
43	-192	209
-212	49	-159
-133	65	-79
107	70	80
-132	-242	190
-5	-184	-213
-63	172	213
-139	-210	-143
208	59	-220
161	206	235
121	125	59
-247	151	191
-38	-11	-229
80	-184	240
42	-131	-19
-151	-102	12
-228	-182	1
-186	179	132
95	-187	42
-148	27	144
53	-203	-226
-165	138	-92
-37	-242	160
27	250	-205
-81	-231	217
99	199	-221
235	178	20
-57	129	-66
-235	-74	221
129	-224	-36
114	46	-130
-216	-105	-72
-60	-237	43
97	-188	164
-123	5	-30
-89	214	-24
-112	-15	-248
-97	-60	163
-230	33	-53
-201	-223	183
-208	-220	247
125	-50	60
-49	-81	119
-77	200	-86
-58	44	158
24	-232	-8
65	-87	-246
183	-7	59
-104	-44	228
125	-230	-115
70	244	120
23	-78	-169
-246	134	54
-38	144	-60
-101	46	-246
203	10	4
53	101	-6
66	186	16
201	-158	10
-141	236	-122
20	71	-148
110	-154	21
248	-38	-8
-129	108	-35
214	-9	154
222	-165	-93
40	-48	97
-132	-160	108
17	-51	-122
220	-152	-247
-145	208	-56
180	-117	-41
-96	-58	114
217	214	87
78	234	-176
216	-1	-120
14	-168	-63
7	-40	-46
-156	210	-207
-17	-125	205
-104	-165	63
-170	198	-217
221	-9	-201
-10	34	-152
-188	-42	74
204	88	187
65	-232	69
-193	-185	-79
-85	-211	241
186	114	59
-33	-210	-130
-91	40	-172
230	-14	70
16	-242	-231
-22	164	80
-206	-237	-2
-16	1	-115
-155	-86	70
-228	-233	-71
6	124	250
-208	-3	-13
152	193	224
16	-22	131
-174	-213	105
-222	202	-189
247	-245	-239
-234	106	-108
-2	-137	-247
4	-145	-194
173	110	-92
98	78	125
2	70	184
84	-28	-192
62	164	-57
-145	194	-55
-116	-154	212
68	241	-119
-56	184	173
-160	76	246
-162	-226	211
102	77	-169
-113	-133	-150
126	-190	-184
-131	98	24
142	-226	79
118	44	-117
195	-220	-65
93	75	139
-224	-3	-173
-101	20	-213
219	239	199
17	220	-26
-29	-157	-50
-243	-157	175
152	-4	-73
-19	-151	-183
24	1	-178
24	110	148
-246	-19	-237
223	-85	143
-239	-218	-224
129	209	57
32	-151	195
101	-196	-11
244	-215	42
-27	131	90
-77	25	7
180	-63	197
-149	19	-70
59	32	163
217	97	206
104	120	46
157	182	140
227	204	76
-245	172	-147
-234	239	63
211	149	-226
-83	165	-159
30	246	168
221	-37	-202
-83	177	214
-2	76	-157
205	-164	79
-76	166	-92
-23	242	170
-199	192	-40
170	88	231
240	-19	226
166	-208	28
141	-223	-40
-173	146	-90
118	227	14
-160	42	-98
248	26	-186
73	-174	109
11	156	201
25	235	39
-243	-79	-215
-126	-215	129
222	-172	-123
-95	-61	-128
219	-164	-120
124	239	-234
-30	-242	-137
172	-114	-55
222	-42	-20
235	-203	112
-9	-83	-96
164	201	205
-184	31	-209
-199	-46	-198
167	-129	135
-135	-241	177
-193	-147	-48
-244	130	186
108	67	-55
237	-201	78
-215	114	50
240	-37	178
-192	-177	5
-137	237	-190
-141	-27	-175
27	113	17
108	244	147
-160	222	-8
-37	-235	-123
201	66	190
29	-60	-200
155	243	-198
-132	188	198
-25	139	-30
-59	-65	20
85	218	-112
-238	-166	240
161	-98	206
-155	-11	195
-139	-216	124
211	48	30
69	-208	59
164	22	31
177	-18	33
-249	139	215
-119	-150	57
10	50	-56
-143	-216	250
11	164	-25
134	-24	-87
-126	-49	88
31	249	-118
64	-210	135
71	-143	36
-43	-70	83
-67	-43	62
222	5	50
-8	-154	-76
13	-39	102
-108	176	106
204	121	66
66	246	-45
233	-92	39
16	247	-44
154	153	-103
32	46	27
-138	-126	-46
67	225	-222
-111	-48	-202
-81	69	-148
90	-110	35
-166	95	-221
92	-94	-187
-19	-59	-17
215	-44	250
-103	-66	-188
-233	97	239
166	-150	109
71	-231	115
19	165	121
97	130	162
-178	-249	-190
182	-118	147
-97	-41	90
-39	-147	-205
-5	12	-112
-10	-223	128
196	71	-197
-201	208	40
208	-233	33
121	-159	125
-48	177	-131
192	-137	157
234	-206	31
-101	-83	-98
147	69	154
-25	-154	35
115	91	-237
94	-107	190
240	230	148
-82	8	165
-94	-54	175
-228	73	165
-198	188	146
203	-52	4
196	-221	-124
132	-50	-206
129	155	237
-82	-66	19
2	156	132
-121	202	-240
147	-193	-245
17	-127	-76
85	-2	-9
183	-230	118
84	105	-75
19	246	80
186	115	205
-205	203	126
175	238	83
-166	-134	171
-127	-226	15
-34	-174	228
-112	139	48
-91	28	-90
-240	-236	-25
-180	102	-207
58	91	119
-131	-189	192
32	-16	-72
12	178	126
-18	204	-224
20	-102	38
185	119	33
145	-60	148
27	176	165
81	-32	-219
224	14	82
-102	3	-131
210	11	-235
146	53	-158
76	197	-203
24	-225	210
-117	-87	-31
-171	180	-157
138	-183	235
-217	69	47
115	-137	23
-102	109	95
-28	-27	244
116	69	-214
-199	-80	-26
43	-114	26
-73	-40	-127
-231	-199	-9
-5	248	9
-175	47	-203
89	-84	66
131	-221	-43
-239	118	163
-187	96	-44
69	-238	-188
223	-26	-63
41	20	182
-48	16	186
6	-199	-122
-191	-214	172
-106	-207	136
130	35	45
130	-166	86
-92	-132	-47
148	-121	-155
179	104	96
-89	-151	-125
205	-91	159
-138	-248	165
126	-109	-216
170	-107	67
-106	-10	-239
-223	-98	-41
165	-26	-195
-174	86	-15
-104	36	-49
-9	-156	230
-198	-109	220
-186	-154	133
37	157	178
242	150	-80
-10	79	-37
112	23	32
189	197	-175
163	-114	65
-134	-156	11
-94	-206	-158
53	-57	7
104	-77	215
186	-60	155
111	-34	-223
201	-91	124
93	23	126
116	-209	-91
122	-174	-48
93	-35	-232
234	-106	69
177	-57	-61
-67	21	125
-145	-222	-36
141	-90	-244
-100	-140	-5
208	-175	-26
184	-43	201
-172	95	23
-166	178	110
57	150	-155
30	25	77
-236	227	96
238	-207	-140
-30	-80	-105
155	45	54
212	-136	-146
-91	176	-165
231	100	158
-47	140	-151
-55	183	-108
-203	174	125
81	-40	-228
247	1	-86
163	250	-57
-119	-211	-128
205	-155	-89
143	-225	-242
-49	237	144
41	15	4
-43	-197	-242
-85	-127	-97
126	-99	-216
-11	-17	193
-159	192	-60
-194	-81	84
-127	85	134
-215	134	-188
137	-12	172
-124	-76	14
-71	182	-133
161	-243	-218
134	182	109
-227	249	122
-221	-201	114
-36	204	-33
51	20	141
243	197	-38
212	-243	-148
-122	112	175
87	131	12
-17	100	-140
14	-111	-149
200	173	158
-72	127	160
54	199	-136
186	-84	-35
-27	4	-12
-90	5	-146
-46	-173	-29
210	223	-89
29	223	-240
-216	-75	234
200	90	-43
247	133	-67
166	-46	-208
-160	-170	218
128	-198	90
-150	-125	178
-87	-217	-147
140	-158	-30
92	-71	89
-74	-97	-19
-2	108	68
194	138	-5
74	181	154
22	-119	136
-182	-1	-200
-145	165	16
250	-37	-205
-250	200	-177
219	-75	-72
-208	117	-249
65	-212	-76
147	-174	206
97	177	33
226	-50	159
46	111	211
206	-82	-240
-201	-60	87
239	7	191
106	5	-71
108	-97	84
95	-97	183
249	-79	155
99	-224	71
-61	100	-104
-105	220	-1
-40	-132	237
-67	215	-194
35	-149	-152
205	-250	246
-212	-236	78
103	-214	-247
-204	-2	-178
-75	8	126
123	68	-63
226	87	179
-168	-151	67
128	194	-4
-33	-165	234
223	-14	164
-229	-107	-125
11	-78	73
78	-120	6
57	207	-11
136	88	166
-88	101	153
-135	18	-140
20	172	-1
-121	58	-133
-33	234	-85
-245	121	57
209	-217	-83
-229	-193	98
155	-90	158
34	-3	239
-75	195	-142
197	-50	190
206	127	56
153	10	113
66	-81	87
-76	-23	232
-191	-101	123
243	-85	147
-73	42	12
19	-167	139
142	47	110
196	204	-115
-89	77	-79
-237	-198	9
-57	151	-27
-33	146	44
158	214	11
16	122	171
62	94	243
-179	149	26
-203	128	-175
53	-178	-158
158	215	-62
125	-120	11
242	118	2
-47	26	-225
165	-75	173
12	46	-86
240	248	-14
104	106	-71
-202	-170	-176
-55	-16	-93
-138	198	-49
-200	-69	-207
-55	-39	230
112	-81	-43
207	-26	-248
13	40	-99
-5	-201	-238
121	205	209
224	226	-201
-249	219	198
-147	31	-140
-164	97	-90
72	179	196
151	2	36
-23	15	17
-70	-157	-65
-99	-65	4
178	38	240
-183	218	19
15	92	51
-65	131	219
37	-188	-185
101	-53	188
-107	109	223
-162	91	-133
-24	186	-76
112	-102	-103
-197	242	-31
139	187	-65
153	-224	231
230	-210	38
221	64	205
52	-57	-87
39	-79	-104
-244	-93	140
75	-108	-36
-216	-134	-50
15	8	-216
17	-129	-235
-36	-225	-17
1	-23	-3
23	100	49
-232	-34	13
103	152	-231
12	-57	-186
-173	233	156
-90	41	-141
-144	95	194
-9	-144	-229
-202	243	57
21	194	-176
208	-80	107
-239	37	210
-154	-223	16
-94	-196	71
-1	160	-130
-144	235	-249
-17	-70	228
13	118	-28
43	105	-177
222	87	52
20	-157	-64
-209	-173	-214
242	-161	46
-1	231	-161
69	-65	83
198	-185	-2
155	160	-81
46	87	140
147	107	-59
-54	-102	-217
-232	-169	66
-141	-85	177
200	249	-108
-168	237	71
129	-97	-205
227	-214	94
-59	87	108
7	8	-58
-79	-14	-134
-2	-118	24
-132	-189	-220
248	39	3
-165	-30	-68
120	223	-177
-180	124	-34
-209	-211	-184
94	183	-203
-157	-203	-6
138	45	-123
231	-228	-117
-11	139	156
109	161	24
36	-164	-14
191	25	234
-57	70	-9
119	95	-77
-116	-148	54
-200	244	224
-152	226	-135
-166	96	-42
-113	-138	220
-83	-28	157
-197	117	-108
-30	231	-119
-136	-31	3
53	68	159
-32	-89	99
-52	171	-132
-52	119	192
77	168	87
101	-148	109
-81	-203	-204
195	192	-99
-38	153	57
35	-150	7
163	80	-249
137	170	122
18	44	203
54	-158	207
-199	171	-179
56	-205	237
223	-113	246
105	219	139
112	-138	167
97	-196	223
-182	206	-220
-244	233	58
-84	-182	229
-232	-101	-201
-200	15	144
-187	-221	249
-102	133	241
-170	-205	-249
-211	159	88
109	-6	21
46	115	-31
53	123	-52
111	202	128
-96	-61	214
-190	81	-25
20	-129	67
219	226	-211
194	-129	195
126	83	105
-109	-205	-158
-85	-184	120
-240	-202	18
-193	-166	-165
182	-113	235
114	-60	206
-11	-27	54
-172	167	-239
-226	-59	127
43	-128	-225
-29	27	-235
-104	-59	-204
-194	110	-48
144	-26	-223
132	-210	-47
32	-15	238
-193	103	93
27	-204	-141
-238	30	-216
-129	181	91
135	68	93
-157	-27	-195
-30	200	158
111	-12	74
208	101	53
-127	161	-157
61	-189	-18
209	-218	-140
-160	248	-176
-106	31	249
-248	-205	-185
-145	-234	157
-102	196	-62
155	-222	196
-228	-61	-49
-250	217	82
151	-16	-239
-151	30	-172
161	176	-205
-125	-234	-220
-51	-208	156
137	-43	126
-1	250	22
 
