3	250	1065
-187	130	115
143	-91	-238
-50	55	-232
242	15	-217
90	110	-95
-51	7	165
-86	185	-13
-185	-156	-152
-126	-227	92
-68	-100	101
194	177	-73
-134	206	-101
-67	-26	108
-94	36	46
193	-82	135
-65	169	232
-55	161	-57
-107	124	173
33	187	-118
-113	65	-214
52	172	-107
-135	114	45
89	125	226
-93	-120	-5
93	60	191
245	-109	219
235	-26	-142
130	56	34
-173	160	-241
-53	214	247
41	15	162
-37	-101	79
88	10	-102
-242	-38	-78
-171	18	-161
-220	51	196
184	97	163
-59	-112	-52
-78	-225	-205
102	127	-186
-193	-14	247
200	79	-152
-154	149	38
123	137	-245
-246	-143	79
128	-99	136
180	186	-109
8	-200	-99
65	28	44
12	100	-227
212	159	-231
-128	213	-152
187	51	148
-193	-161	-81
70	231	34
-179	-33	224
126	-8	219
225	-181	-62
176	-159	67
-190	214	18
39	190	-120
-18	224	7
247	225	-183
216	24	-57
69	-219	-164
175	-231	-114
44	-9	-185
-52	241	160
-132	15	31
139	-116	-28
227	-127	-200
-51	215	-201
169	68	-186
86	183	249
-175	10	162
172	-38	-241
64	-177	-127
-208	-81	209
-127	244	193
172	-34	-73
-198	157	171
-100	92	-224
118	-63	216
85	-83	-117
-91	-130	-9
-46	161	-151
-14	-198	-22
123	41	-190
211	-201	-227
54	-68	65
-56	-26	188
-137	-6	-234
-34	-116	198
118	-164	-15
29	44	60
121	162	67
95	-5	65
-235	-196	173
246	-37	39
2	160	-73
-102	-124	-91
226	26	-214
97	88	-71
-145	15	-26
212	25	66
214	188	191
-14	81	149
-102	-218	89
-163	131	-123
-95	25	171
-227	23	195
-40	90	130
190	169	-218
137	-4	-85
155	-37	-173
82	173	5
-75	130	-171
-205	8	-156
-126	-172	-1
109	-85	-230
13	241	-98
98	92	-68
-6	-1	-143
-159	49	99
102	-118	113
7	-160	13
42	24	-120
-244	-47	167
-64	116	-138
191	-127	-14
76	215	-71
-117	-110	20
153	212	108
159	161	-182
-194	14	84
-119	-143	7
-187	98	-184
-18	237	-114
192	214	-123
-80	-204	209
-205	-30	-170
-35	156	248
-121	130	68
196	197	87
-13	150	-51
-248	-17	-241
67	-13	-116
-146	102	108
-86	31	-60
20	111	29
32	-80	108
233	-64	98
-76	-23	179
46	-72	-44
235	15	2
-105	-117	-163
-48	-121	222
-223	-44	122
-165	-22	-180
101	111	188
185	-229	139
-6	-238	148
-77	105	-159
-56	-170	156
159	229	143
120	16	-245
-35	118	173
-48	172	-160
-91	-176	-85
-28	-70	192
-186	35	-38
115	78	18
93	58	-35
166	106	-80
-214	130	-60
-178	-235	11
-115	30	-131
245	-159	-198
183	76	-67
4	-40	48
39	123	-81
-102	203	25
122	79	-249
31	41	235
16	57	101
-159	-158	169
235	58	209
100	-161	-122
-8	10	20
-52	-122	-130
198	93	157
122	68	-172
-123	177	121
-223	33	-109
-65	-76	87
193	175	-114
-214	-163	14
-95	116	17
-65	82	74
139	-173	-225
25	75	109
-88	28	-69
67	-137	-176
97	-77	-41
-158	39	-60
-127	145	-34
40	107	-178
-17	-144	84
-159	22	157
-86	199	-96
-105	-207	-111
-38	232	236
-163	107	-208
-76	-207	-154
-39	-240	-143
-100	-239	180
90	-165	-104
139	41	50
-229	113	-55
-77	133	199
193	117	-73
243	-166	-114
40	-130	34
-188	205	184
-201	-165	-161
234	-76	43
6	191	35
-112	-77	-157
-216	104	-87
177	-47	-88
14	-180	-48
-176	241	-185
-237	223	-47
25	-84	-66
35	-159	-207
-95	8	82
136	-240	-58
41	186	141
50	-103	92
-26	249	-233
-136	216	235
34	242	-38
-10	-102	-173
159	239	103
75	129	-64
34	-247	151
67	247	249
92	-98	163
14	-157	-90
-181	233	-71
180	73	-179
87	157	-139
146	103	74
-160	-129	-229
191	-175	-118
193	-99	229
-14	15	-226
-129	247	-90
24	-214	84
139	-152	-2
-163	-106	-18
-210	-241	211
173	-21	57
218	-247	75
-128	-137	188
49	-56	-205
-12	156	172
33	15	85
201	244	55
-62	173	190
99	-100	138
-236	-178	240
221	183	96
-113	-223	-117
-221	60	-84
-243	-157	-235
-215	195	-78
-36	-73	-160
4	-241	-154
31	128	211
-249	-31	-175
-133	126	-80
187	-115	-4
-27	249	123
81	149	-159
-59	-12	-228
-118	127	14
-128	24	-207
-14	147	200
167	-157	-217
-22	-7	-241
-138	108	-112
-243	182	223
151	-77	238
-169	-129	-221
115	-225	-175
-91	111	22
151	-5	8
-215	-105	148
-17	124	-238
155	-122	-166
244	67	250
92	170	-15
171	-8	73
-177	-226	-151
105	-118	31
-160	-191	74
-170	-49	13
-153	-68	64
-3	-62	-249
61	80	79
-98	-9	-217
15	87	222
-83	-173	187
-169	150	133
-129	-113	188
-234	-52	-46
124	238	50
-214	-99	-244
222	163	40
-212	-209	-205
-186	150	-211
-195	222	-172
65	-31	35
-199	153	192
81	219	-231
-194	53	-47
88	-229	-117
-197	38	-214
-11	45	47
-224	-114	-21
-102	-93	-191
-43	85	-203
94	41	214
-202	-32	-104
51	-208	-1
-209	-15	-242
124	206	-72
-2	209	-206
-25	-217	-9
15	201	-16
-45	128	-156
-67	246	-215
145	69	86
133	51	72
26	30	-15
206	161	5
-4	172	-40
-98	208	219
245	-200	105
-130	236	150
22	233	176
71	96	201
-11	161	223
-33	-88	-239
-6	-34	-185
171	-199	194
126	-46	-132
92	-168	-106
103	180	-36
-40	-72	-223
-186	-148	98
166	-119	118
243	37	192
46	203	18
-21	84	-156
-143	244	30
-63	38	142
-205	-78	-123
235	221	-176
-86	74	53
-123	-209	-104
174	-11	14
152	146	176
-247	26	72
-141	113	198
-53	-226	-222
-131	51	181
-243	17	18
19	-36	85
-214	98	226
-175	-92	-55
-66	128	231
-119	-14	-112
194	200	-188
142	-4	242
-196	-89	124
-181	51	248
7	166	-33
-21	245	-164
103	165	208
-126	-227	-212
119	157	247
-135	-74	209
131	-213	4
-249	23	-192
79	-242	-200
-236	-109	-82
-26	110	-224
-244	-158	129
-25	-201	-71
-189	235	-179
-64	-10	28
44	17	-112
183	-245	-47
-109	-17	200
116	171	92
-212	122	125
242	61	-133
242	10	128
-37	180	137
-93	225	39
-50	-230	-219
-41	210	45
-56	54	-132
-54	128	-132
59	-207	-215
-194	190	-213
-146	154	-141
-62	133	8
145	120	227
-17	-119	-47
-213	159	-126
-106	-217	-144
-201	-218	-102
57	56	39
-123	98	-216
-106	-41	-90
222	71	126
-84	-18	-250
-105	32	217
-241	187	-146
-137	-212	-14
136	165	50
44	113	134
-204	153	-140
218	-35	-141
87	128	-208
-79	240	66
-245	45	207
-237	-42	-157
-81	180	-237
-218	-130	-106
-77	-58	-200
-235	181	246
196	-46	126
54	-3	18
18	192	-190
83	193	-227
-233	69	-94
-62	205	198
26	-111	124
103	169	-39
-211	-124	-97
-100	138	249
95	178	211
163	-141	128
-134	36	-196
-77	-39	111
103	76	153
109	-113	195
-87	68	-200
-242	-238	-169
174	-236	35
-50	12	86
-220	221	217
-225	126	189
-58	80	-31
223	-191	176
18	-25	-96
-207	197	-178
-44	86	-93
26	68	12
-247	16	-219
7	-41	-219
-60	100	142
205	66	89
-228	-75	-168
-17	129	-227
-180	-58	-40
-94	-218	32
239	-160	-121
177	-184	244
55	-190	3
30	105	111
2	97	-237
-88	-70	101
127	-74	-240
-245	221	103
-51	31	-132
-180	-102	231
-108	-223	133
15	-57	102
168	-171	-239
-47	-218	21
63	-57	222
-106	81	79
17	54	-65
-137	-226	161
-115	-41	-46
-6	32	-231
-84	-182	34
-171	187	-126
-226	192	-159
215	182	-195
-184	73	195
-117	135	202
222	-217	58
-31	177	54
93	27	53
-200	-220	-193
165	-249	-127
239	-120	140
-159	-248	18
-83	29	-106
-4	-16	-112
189	-75	-244
-239	-180	-12
-220	134	-226
-67	178	192
-65	67	-22
-170	202	-6
55	-6	127
45	105	236
183	158	8
-131	144	-137
83	-239	100
-36	207	123
-14	67	-111
79	-21	-109
157	-25	-82
192	10	139
158	134	247
-37	60	-86
-100	-137	193
-146	-131	112
128	-115	-47
58	63	28
-73	130	-132
82	126	77
-111	-230	181
10	85	219
-201	-159	187
-51	-35	-158
-123	24	-60
-250	-160	123
35	-141	164
127	148	-174
-92	176	171
-184	-231	-138
137	180	-95
88	-145	117
-17	24	211
-75	-178	11
-109	110	99
181	-240	209
250	86	214
-179	104	-135
-224	119	149
-103	-222	185
-230	-147	27
-7	172	-111
-81	216	52
188	79	214
161	166	49
-133	97	162
185	41	5
243	92	8
139	245	191
-179	241	170
-242	-219	-134
-237	63	-209
33	-100	61
152	-32	-113
97	62	183
-53	-30	238
104	-170	179
32	-193	135
211	-134	-60
-15	72	5
-216	140	72
-69	-179	174
-33	23	26
196	-75	141
-198	162	188
245	73	-166
-72	94	-170
79	123	183
112	-236	123
118	-188	181
-80	-135	-111
-236	23	230
-66	-96	-192
-46	62	-217
188	-181	145
155	66	169
-152	-47	-142
-200	17	-5
124	-62	16
-47	167	-10
-226	-189	61
-14	-105	168
65	185	-136
23	199	-212
-118	85	-107
-122	-2	79
-54	159	138
-90	-129	-57
126	220	81
-28	126	-204
25	124	-231
136	109	35
-145	-168	-227
-83	18	-144
-31	132	27
-214	-41	-152
71	30	-65
-204	-197	-62
-105	-229	222
-150	-172	-208
204	121	-15
-62	-136	-189
21	-195	186
36	-230	-62
83	127	125
14	7	-151
187	174	102
115	-71	-37
-134	-188	142
147	27	246
-52	81	-55
167	-46	-90
-110	36	210
-59	-220	-51
71	61	22
-115	133	169
-85	1	-72
63	129	28
-135	85	-83
-181	-106	-57
-40	-36	21
235	-39	106
49	25	3
190	182	-113
19	-47	-3
-214	-39	-210
-90	232	-203
69	-87	-189
-101	103	167
111	-143	80
-37	-182	117
161	-5	-94
-27	19	-219
200	-190	233
-150	-13	-250
-57	-163	149
-37	70	131
-209	-37	230
-124	-67	-94
139	232	-200
175	-20	-66
134	-247	-200
26	138	-6
-116	-185	-199
160	-64	150
-26	-106	-92
87	-201	-172
-127	17	147
-248	-13	-229
-116	-1	46
1	-37	78
-64	-76	232
-127	-52	24
-181	-217	-31
-2	154	222
227	121	-102
132	185	-114
244	163	101
70	-26	-21
-26	-165	-79
21	-117	-34
5	-67	-79
-92	-178	-101
247	14	-223
192	-139	-49
-184	158	-56
-111	-35	-57
-128	-244	169
-175	-183	-127
32	-142	129
20	95	-172
67	172	-236
114	-239	132
145	142	-250
-11	-70	91
154	-170	-96
28	-62	-80
151	48	-179
100	-224	37
-49	-6	145
-141	48	-215
-144	-151	-21
163	64	3
236	194	56
-97	-91	-56
-36	120	248
-210	-250	-22
-186	-135	248
21	-211	37
-127	78	-170
-131	104	-20
249	63	126
-205	-229	-233
45	187	-169
161	139	228
-230	201	150
126	78	66
99	53	87
-40	-50	-189
108	42	-89
131	102	-110
32	-227	16
206	-77	-166
-46	-197	220
185	12	143
183	227	-117
-230	-39	-194
107	-92	-248
-192	-179	102
-13	98	18
169	54	92
-2	75	136
117	-175	-112
19	139	175
-127	-62	185
9	-135	-111
197	171	30
-103	234	-24
-211	-116	-109
-222	113	-220
213	15	-70
29	-61	160
-157	-246	10
150	171	-223
-166	-27	71
-70	-146	-92
128	248	-17
64	-212	155
-180	42	35
-110	215	116
7	169	-194
53	-185	-160
-228	36	177
247	-39	-110
-120	-50	-123
-33	237	-140
139	-137	132
-13	183	-139
8	61	-36
-26	211	149
-229	242	-10
-93	-212	-87
154	-100	79
-100	225	112
-243	-28	113
11	-201	-111
226	-248	148
3	-42	163
158	-234	52
-106	193	145
-88	95	-68
134	-91	221
95	-156	152
-84	-144	-19
-4	-19	-162
16	75	-90
57	-156	-46
137	30	105
73	121	-236
-59	-9	-167
215	173	229
10	62	156
4	225	-122
-201	-85	29
85	-234	-44
-156	-169	-122
134	232	189
132	-41	2
-162	100	99
225	121	-8
218	-28	129
-218	45	83
-183	-216	160
199	131	-159
71	46	-65
-39	32	-215
19	-89	170
-221	177	-220
189	60	-69
41	177	-185
-43	-31	-8
230	-241	52
-52	162	-25
-121	-82	-32
8	114	106
-157	161	135
46	-101	28
-153	-233	-175
-141	35	-29
-94	10	-80
-55	-30	-109
226	238	81
-17	-238	-245
-138	-57	-194
-133	73	206
160	76	108
249	-241	38
92	-10	111
-245	88	82
134	136	-133
167	8	-231
75	26	-236
236	196	-240
-122	-26	28
-14	-97	167
52	-102	22
27	200	-74
-242	-47	-124
-171	-14	-181
-229	-231	-240
-160	-179	-26
231	-237	-101
232	-240	210
-11	141	116
86	-68	-64
250	123	119
176	35	65
-189	-70	53
250	-187	164
198	214	69
201	39	-155
-149	240	245
27	204	153
-101	14	-216
-105	85	173
-182	-21	194
-234	225	56
203	209	160
155	-51	25
-32	-47	-124
79	121	-11
-115	99	216
-2	50	232
-172	-8	68
236	159	-56
100	-192	-116
102	-78	-79
89	-249	226
-88	82	-87
-165	13	-122
215	222	-176
-60	-182	-217
64	-88	214
-118	-246	-205
168	65	246
-24	250	-89
89	139	101
-20	-90	187
106	-246	-90
42	-117	55
-154	-179	-89
161	216	56
111	40	171
-142	-127	-45
222	229	111
-116	-169	195
-122	72	38
-10	-194	98
229	133	-246
-18	86	-160
144	-227	94
-161	-52	-76
7	-238	102
-223	-147	226
151	188	175
235	209	-12
-83	-208	-244
-67	162	-211
-12	-238	-25
77	-107	-133
38	-151	-156
-242	-62	159
-207	-36	-226
46	-215	-229
-16	29	-41
-95	68	108
202	108	148
-175	-49	152
141	12	70
55	-98	49
-52	90	146
-246	-40	-120
-10	-75	-11
16	-115	239
-106	-38	-169
-233	185	4
142	-90	132
-223	-243	106
-211	169	-195
-21	109	217
103	246	-34
199	16	-218
-112	-249	193
-48	-193	15
-171	162	-127
237	204	135
148	9	24
66	-200	48
104	-215	223
136	128	-27
150	1	-82
43	168	-150
-115	98	187
-193	209	69
30	-211	-153
184	-123	-168
156	199	-105
-43	129	235
-83	-234	48
177	-179	85
-246	-168	179
-100	-88	33
92	-185	-175
-166	-247	199
-87	-75	26
-227	149	177
241	161	196
-70	207	-23
-211	-198	184
7	-247	156
-42	145	207
76	40	178
-109	-133	248
68	-88	-228
-83	3	135
47	77	-196
-20	-120	36
-239	-250	232
-17	-198	-197
132	31	-196
68	65	57
10	87	221
-144	22	-111
-234	24	-190
123	-149	-169
49	-232	2
-206	4	-156
-39	193	-210
141	-51	241
-218	-105	156
73	222	51
144	-33	50
-238	-248	40
-165	37	-158
162	-84	-243
-136	42	-137
232	10	-246
-129	-46	202
-25	158	135
72	224	84
230	176	-95
80	94	220
-29	-3	73
-78	-196	223
213	200	8
-100	244	224
155	189	179
-151	42	-56
40	100	171
47	24	248
103	170	4
162	-18	52
-143	43	-105
174	56	226
-143	-115	-61
-151	21	-50
18	8	182
-132	-241	-115
114	-111	186
-126	-97	118
66	137	-57
-29	-58	161
-32	-8	-249
-28	-108	48
217	72	99
-120	-73	222
-80	-216	-70
-250	207	-203
-185	131	56
234	-61	74
-168	-15	153
-151	22	-55
165	12	186
65	-194	169
-122	-159	-74
-27	160	-234
19	-199	-196
-52	-83	-219
-25	-15	171
207	-6	-5
-248	-228	-156
156	-175	152
59	50	153
-6	61	117
22	-211	-7
-23	-238	186
132	-123	17
104	33	64
-108	-66	-161
-224	14	126
188	-63	103
-215	-123	-193
246	10	199
158	123	74
232	70	78
222	238	-180
144	76	-44
-3	52	-209
209	18	-97
-97	-68	13
-43	-146	-50
-143	-114	236
135	-202	-94
-68	-111	222
107	-240	124
-182	-207	-194
-142	72	-27
170	-142	178
-218	-54	190
246	-74	-72
168	124	193
26	247	-193
-29	43	92
-35	-23	131
-56	208	171
114	245	238
178	-132	-89
-70	-212	6
239	-202	84
-216	231	2
-1	222	-74
-80	205	-62
-132	145	207
197	-44	76
75	129	232
-156	16	61
-159	83	43
-215	133	13
46	-216	112
122	-70	-153
192	52	-183
-90	-189	18
250	123	-151
-80	-90	-135
215	-83	200
 
