3	250	1065
-75	239	-167
-94	-226	62
94	-128	41
-45	175	116
174	-88	-20
158	-204	183
-68	-219	-239
-201	27	72
-111	164	188
248	27	-104
-211	243	187
-157	134	-31
-90	-213	239
175	65	21
-129	39	-151
-215	-17	227
-212	-67	-177
-205	-52	152
51	-137	-169
196	127	248
81	-73	-70
101	-185	45
216	132	58
-222	-125	-157
99	-142	-32
-149	68	-213
-197	226	121
248	218	178
-75	-57	127
-137	-45	-214
58	40	-18
206	-204	118
123	-192	-88
-54	72	-229
-3	189	219
-167	-164	-149
-77	-140	109
-64	-90	-245
75	193	63
-228	126	-54
-56	-9	74
-110	-19	148
21	-28	203
7	3	-36
-184	-33	34
-147	-35	133
228	99	95
-238	87	85
33	-108	16
226	111	105
135	-244	119
-93	191	206
244	-54	-108
91	27	-67
178	71	-104
-116	-214	-196
92	73	-100
-69	3	-218
-135	171	238
196	-206	-152
-1	104	-195
-105	-180	248
118	-46	9
47	107	10
116	4	-242
-249	-54	-82
118	103	100
-121	174	122
-217	57	199
13	-207	10
233	-223	116
234	-33	218
159	-18	-198
123	114	14
79	102	60
151	-88	-5
132	-136	203
123	-128	118
28	31	-128
-144	181	-69
-237	-169	-12
161	-67	50
213	39	146
-94	-137	-84
188	71	-116
-179	11	-53
-104	163	-56
171	238	10
-120	-161	-5
139	69	3
-138	-3	37
-179	-47	-200
-205	-120	213
82	55	191
17	-146	-140
46	-38	-216
120	-157	-205
45	96	-23
-38	-141	13
-50	243	166
153	-57	104
-27	8	-239
-134	-123	225
-114	-167	-174
146	-193	-142
-127	-34	209
61	-178	-105
-179	-42	-54
187	-61	-100
-9	-82	187
54	-20	103
-109	60	182
-146	-38	132
-133	-127	140
-226	-246	158
231	-199	70
87	70	-128
-109	-179	-25
-69	-11	92
-34	-219	-74
242	-112	-168
129	32	-198
243	-159	160
232	-217	48
-151	-208	-9
192	-141	-2
-239	80	229
167	79	188
-114	-77	-53
-202	50	185
100	215	-225
48	-63	5
-55	-166	169
-78	106	-91
107	-218	40
125	-28	27
24	-177	-163
119	-8	77
-51	-77	-174
-130	63	158
231	229	-113
108	-101	168
182	248	-128
77	-84	-204
191	104	222
182	4	-53
-35	-119	231
-74	72	-107
78	-157	-225
-191	-98	53
237	-127	79
-170	-206	209
10	-231	-169
-7	10	155
-179	-231	160
-56	-129	-230
-224	-88	106
-30	247	-245
196	119	-186
163	28	208
-176	-65	-229
-56	173	-234
-175	134	217
94	-28	198
-6	41	75
63	-38	147
-187	-249	18
141	84	6
-185	-96	-114
178	131	-33
-85	-156	-183
78	134	125
-217	194	119
-60	234	216
-165	44	223
92	131	-222
150	190	52
-58	-1	48
46	-33	-82
103	121	241
141	-159	166
31	81	217
-187	163	-2
-82	-134	-7
110	249	-82
136	215	-57
79	-108	-70
46	127	-86
22	193	-58
240	216	202
220	201	239
15	-80	173
8	-171	239
18	239	-42
-29	6	-112
-5	46	-127
-59	-87	208
94	179	-4
-182	40	-211
-119	144	232
156	127	-104
160	-178	-12
-200	3	-111
-175	-16	172
111	107	180
151	242	179
-180	184	-227
-123	-1	-139
116	128	-240
73	-123	-84
-55	116	-162
32	-48	-119
144	112	171
-6	-210	2
222	70	137
-225	126	218
-71	-140	135
110	41	235
-153	79	39
169	45	-105
158	-75	-51
211	-31	-49
-218	80	237
31	-12	-138
-104	-85	5
-133	-47	-179
-93	-132	-170
87	-193	220
134	-175	90
-232	97	-91
91	188	-27
157	214	79
-216	191	-247
14	-148	65
-109	-151	-155
-179	-228	147
-153	-154	231
35	-196	26
-171	-144	188
-43	105	-8
156	-233	123
69	90	23
-134	-105	197
-199	56	-221
243	83	72
146	-185	107
-138	54	-134
163	-236	-58
-186	-93	247
-123	-222	-120
-69	-118	84
220	-24	-123
57	-97	212
55	141	-199
-89	171	150
-107	184	-239
-9	-79	149
107	239	-179
174	-157	25
-50	47	243
71	112	-40
185	-60	-228
167	48	-148
230	-40	155
76	-212	-159
-175	232	25
112	225	135
-248	225	-123
143	49	-28
161	-129	152
233	121	44
-83	195	59
-42	-31	-92
-153	69	209
120	27	140
-83	78	206
211	-167	234
-136	175	-48
138	-242	-42
-108	41	184
83	144	-107
78	-231	-108
-79	136	166
-100	250	-247
-49	-204	209
10	34	-164
-57	-150	-164
156	-40	-48
77	-17	160
-242	-206	-209
-220	197	192
-67	120	164
-143	190	164
101	-89	98
-15	154	-212
132	-74	-96
88	24	28
125	147	2
-120	-189	102
-222	-213	166
-81	-68	94
84	-229	74
-173	-104	225
188	-12	-250
-52	-199	161
237	-213	165
-130	222	35
31	-6	118
67	-118	-21
-15	-208	197
-22	-162	-41
242	121	-150
-39	106	-239
-166	-178	-37
-184	-9	151
-209	-206	-237
177	-133	-98
60	197	-27
218	-19	65
197	138	67
-173	-226	207
-135	-151	-230
-154	38	-85
-68	54	-206
190	4	46
-8	-23	39
62	66	-164
180	-202	179
-201	200	69
65	21	-129
-174	-35	-3
-225	60	249
-30	31	-249
224	-245	-81
167	216	-181
25	-250	-242
-211	187	-50
7	106	-182
-136	38	220
127	246	-85
15	66	161
247	54	-60
-197	19	240
103	-160	-91
193	2	-167
188	74	24
220	77	-170
-164	-70	-201
207	51	134
-218	65	10
92	-30	-143
-232	-97	-50
84	-39	-243
-8	-148	242
-149	163	180
228	139	-51
-93	-235	-24
66	219	-188
-249	-10	-28
105	-49	-136
55	185	70
32	147	-58
-204	-105	-162
21	-162	173
-20	6	121
-87	-94	12
230	229	213
-231	-237	106
-56	-148	181
-51	215	-88
250	206	-220
77	-92	-146
-40	110	166
165	57	-191
177	86	-100
142	7	175
-28	-94	129
102	172	117
-60	231	-174
-135	3	45
-203	159	59
164	-47	170
-50	71	223
-34	-147	20
-167	31	98
13	218	23
147	8	88
118	99	-128
-129	48	111
244	-172	38
-206	-145	20
21	-113	-121
165	-46	18
6	-13	80
-124	-154	-7
-215	-201	-35
-99	200	113
-139	223	-86
189	-20	-234
104	-11	48
250	137	-243
-34	-220	-123
187	-78	-153
-243	-173	187
-119	-45	84
-208	-155	143
-124	222	-234
176	54	-1
-245	68	157
3	162	143
-92	-35	-202
-248	109	-112
-154	30	33
138	102	-176
143	35	-130
82	-212	-241
174	-193	-86
15	-78	219
156	-120	-178
-50	57	244
-135	-174	76
-103	-131	-214
127	-181	-216
172	-134	-67
58	-15	-38
-165	-79	52
-11	-56	140
112	-120	-235
25	-137	96
72	42	75
238	-8	97
-48	-8	106
-242	-93	-219
190	194	70
-96	-106	-97
189	-202	-196
-85	-39	-200
40	-218	-23
192	-133	-137
-66	-13	-27
101	-121	-192
-239	-220	189
-219	163	142
-168	-239	-220
-246	169	-167
9	-222	99
-44	116	-1
-101	-13	-108
76	157	203
186	-82	-28
10	248	-101
-139	96	-93
-85	-179	-149
157	246	-44
-219	227	-212
-125	-88	198
203	-85	-97
181	58	102
218	157	18
142	-235	35
53	106	-201
2	33	-231
21	8	11
-145	55	-169
221	207	-169
118	113	4
-215	-115	-117
-148	232	201
170	-250	-93
-22	-132	-116
89	5	-37
177	-37	-14
-236	130	207
225	208	-61
226	68	-104
15	-97	245
-201	-115	104
-190	143	214
208	53	209
241	-95	72
85	200	175
-146	-202	-228
84	106	27
49	-210	157
12	220	121
163	-149	5
-201	123	208
62	204	-229
192	50	-191
-126	-69	-139
52	-65	102
62	102	201
142	-92	26
101	-121	-76
211	95	202
-51	-142	168
-231	9	-172
2	169	-42
-54	-140	92
-12	-142	-156
-67	-41	138
-54	173	94
-176	-106	40
189	186	-219
-91	76	41
-242	105	71
214	143	186
-179	44	144
47	-200	212
-164	71	-101
234	-58	244
67	-151	225
-40	137	-136
-209	-151	98
195	79	-147
-186	16	-21
-12	-137	109
-79	177	204
-112	-69	209
-36	-184	-202
-146	165	250
-125	105	206
52	-170	-21
63	-246	-199
145	-241	121
81	-69	14
150	111	212
-199	-146	222
100	-213	102
236	-129	-48
-205	-55	40
76	-35	-136
89	90	125
166	-158	-238
75	191	101
-92	-1	130
156	44	-50
-21	-169	30
-170	-145	-245
-129	237	-141
-54	200	-187
-198	237	200
-188	-49	-199
54	113	-72
-249	-148	220
76	180	27
169	61	94
149	-245	170
25	15	-225
80	-62	142
-127	26	197
10	207	-120
-225	223	-173
-7	-94	-148
226	19	-23
134	194	249
140	-106	243
187	184	40
-243	85	-203
101	-41	-160
96	42	171
131	12	122
-191	208	16
90	-59	-178
185	-50	-34
-72	18	233
-8	242	-116
-211	55	-95
-69	-126	-220
240	-102	-218
-214	18	159
-51	-17	-12
-54	107	-182
58	-151	92
-196	-137	111
-53	123	75
-231	120	-101
119	-89	-103
16	44	-86
-117	-16	119
35	-232	-151
193	-174	89
-39	35	-213
-77	-101	243
145	74	80
-42	-86	-240
-161	-137	107
123	218	-57
34	185	-241
-89	241	22
-176	-46	158
-98	-148	-238
226	19	-134
-174	-138	176
-113	-2	13
208	95	64
-217	107	198
122	35	-114
-247	-240	104
-195	-17	-18
225	-109	31
88	-191	-146
-130	17	239
210	-18	-46
80	134	216
34	65	-226
-103	-189	140
-203	104	52
247	56	90
-242	199	163
74	-79	-68
-248	-245	108
-172	-195	186
-45	-132	-87
164	165	-154
-79	-195	-29
-65	-242	-165
-4	50	-102
220	-67	118
-13	-115	206
-116	-19	21
-64	-229	-6
-136	155	-184
224	63	-23
132	89	-87
163	-48	-184
121	192	204
-234	247	-21
194	152	-249
167	-153	61
166	-113	137
48	-39	-40
89	121	-129
87	36	-119
58	-237	-42
208	155	104
-193	52	-61
-115	141	-69
210	-87	196
219	229	-2
2	-54	-146
-127	90	201
-135	-187	-145
113	-139	-232
74	-186	-132
-66	197	-32
111	178	19
-65	-249	-28
104	65	96
238	196	-248
-97	87	-140
58	-158	-118
-168	-34	-231
-152	-95	246
60	167	64
-250	132	-172
-80	-68	127
-180	62	129
92	-159	-215
205	215	61
104	-21	-226
244	-239	-53
216	115	8
-214	-116	173
-73	-158	42
-227	30	-83
-189	-49	-231
-188	-134	31
-209	191	171
-208	191	-32
-61	50	238
135	-191	90
31	120	141
118	-24	-58
-162	113	-117
-151	173	-240
180	200	184
-27	-96	235
35	25	-73
-19	-225	-90
75	-67	-123
-56	-134	-139
104	179	-49
-138	-132	232
187	-242	-19
226	201	-3
-37	71	-90
-128	164	171
133	139	148
-158	36	-113
112	-37	-190
-70	172	25
151	-225	-247
-89	-34	-138
-108	-56	22
-209	-93	119
-103	-26	176
-211	-86	-247
207	-245	181
80	88	134
183	-16	-208
-56	-17	190
-3	105	210
146	18	112
154	191	-180
152	225	-3
-24	81	184
88	65	-181
165	210	11
117	-190	63
32	-129	80
-201	-12	-187
211	-63	-142
25	86	145
-167	61	-80
244	-166	14
229	-166	56
-72	204	-116
-97	-88	-77
8	54	88
9	211	-35
-15	-30	210
-198	-124	128
-8	-26	-195
6	-217	-149
-115	241	154
53	-42	-48
-25	116	91
-21	34	-54
108	-38	-182
200	-244	-154
-121	-196	-223
-136	-232	6
5	155	66
-23	-227	135
118	182	-8
-202	156	97
64	-208	-37
-102	-189	-75
-14	-19	-171
-162	90	85
-71	-63	25
222	50	-56
178	-220	-179
196	150	-192
19	-209	4
-224	199	-177
-97	87	212
142	22	-49
-244	218	-86
99	-102	-92
-217	-178	169
55	-22	-121
-96	-66	236
-80	129	226
-48	162	160
109	230	-42
-62	-178	-240
-147	-39	229
140	-13	243
174	225	-218
-197	-223	211
-206	-61	-12
109	139	-244
-203	161	190
-1	199	-92
-198	-227	-178
242	171	-238
-208	225	-120
128	-15	51
183	-210	24
-230	125	-31
84	25	166
-53	-235	7
62	-64	84
-187	63	-2
15	-66	53
-41	-56	-110
-238	180	122
-64	162	-120
-189	-210	-62
-119	-185	-215
6	-20	243
2	-214	-49
180	-21	61
49	107	-44
-9	166	-149
-161	-92	147
22	209	86
219	11	-65
-114	-108	-88
121	-227	-50
147	111	-227
-165	35	-143
43	73	234
-89	216	151
60	244	96
-244	-159	-156
155	116	204
20	158	-131
-47	103	198
-66	-89	64
206	-192	-234
-31	66	-50
-41	-132	73
154	-182	-191
-172	193	58
60	-59	196
228	-201	173
192	-225	167
101	-49	233
10	71	-54
72	-114	-216
125	-134	87
-83	102	-244
50	217	187
-143	17	-156
103	-156	-74
203	47	114
59	-177	-126
-192	225	-208
214	149	231
-80	197	-220
-134	217	190
-22	65	-210
139	-58	109
60	149	14
105	98	55
-217	-135	36
-189	154	-105
-33	190	-29
6	-95	-114
-128	240	-230
1	-32	-116
-76	126	-152
-152	-57	-142
145	-202	-21
140	98	-146
-100	30	-241
213	141	54
-67	-224	135
-135	49	33
-62	196	-102
-166	-164	-161
-84	-91	-117
216	-21	161
180	-114	-213
80	-116	-67
202	-94	109
192	62	-201
-45	37	49
74	-128	-227
2	227	-13
16	215	37
-209	14	70
48	137	-122
-210	-104	-14
84	-140	-137
39	224	-113
-83	-57	199
238	13	-178
246	68	-62
170	-88	90
204	222	21
-1	128	-175
-241	-17	152
-127	-122	79
-138	49	170
24	59	74
162	126	247
-225	-65	-43
-137	110	-40
-48	-184	219
-70	-184	131
12	-138	-131
35	199	20
247	-212	-112
-206	-224	93
-248	-10	-186
134	-165	50
-220	207	221
242	31	-7
12	-22	157
106	194	-42
-205	173	3
-188	53	247
169	-117	-50
-33	-205	-139
243	-94	91
-237	120	22
16	-27	169
55	-121	122
-86	175	-9
209	54	-4
-148	74	-38
-35	79	153
208	-145	226
-133	84	43
51	16	-158
222	-213	-68
136	166	209
144	-77	-194
238	-38	26
134	230	-100
36	5	127
-234	-150	173
-242	-82	118
-128	-188	-62
237	-102	220
-250	178	7
133	-14	170
-97	-197	-190
239	-9	78
40	-149	147
12	235	-217
-40	244	-10
67	147	162
-146	-100	-52
-19	-189	113
-205	-210	-83
-167	-18	-187
141	44	-132
-95	-195	-92
-111	187	-179
-71	-57	86
95	144	82
-17	211	-101
-142	107	95
-224	114	198
29	157	106
179	-154	226
-67	202	6
-68	-242	-125
173	198	241
171	-129	233
109	-172	-195
-130	-248	-81
153	-232	-172
-155	-66	-94
-222	-107	73
-246	241	-238
-69	204	165
79	241	-62
-147	174	-20
184	-41	-62
73	-241	185
-228	-248	211
222	-226	40
237	122	232
212	46	91
-218	-125	76
159	163	-3
-169	27	124
-18	47	221
-49	14	-128
225	-4	-54
56	-64	-151
207	103	233
-180	79	-88
233	126	-153
39	240	193
-81	-96	162
-187	-111	197
211	121	-87
189	3	39
-31	-150	44
-71	72	180
77	-240	-194
32	-120	4
31	-107	-27
-124	-228	38
-2	23	-101
-15	81	143
91	136	171
-119	34	-195
34	-228	120
-100	147	94
-103	92	178
-47	-140	-167
56	-104	204
143	33	-35
-83	-203	-76
-24	5	245
-233	48	-183
69	71	21
79	-214	-52
43	-59	107
22	-8	14
-59	191	61
-159	-146	-179
10	-180	-250
166	-213	10
55	-204	32
130	-104	-106
-30	102	76
-157	-42	-221
60	80	88
88	-169	-239
165	-119	-4
202	-20	49
69	135	122
166	-101	-117
38	-9	-149
-177	43	-7
-127	14	-16
-6	-110	-129
164	65	-20
-10	-106	199
46	-58	-119
49	115	-195
-58	-45	-96
-106	86	-60
66	125	234
-90	-79	-172
139	-180	24
-69	-51	108
-160	-93	-114
97	34	-105
194	138	216
25	235	26
-111	137	70
247	-210	150
-90	26	-151
82	-50	-86
-144	-191	-166
189	100	-121
-65	-64	131
-81	-15	-86
180	40	-242
197	-230	97
-97	87	184
137	159	-65
-78	-203	-4
105	-114	1
3	-76	-66
185	35	-52
-120	-138	-55
-173	-233	130
-138	1	178
224	-99	132
4	133	105
201	121	-243
182	-227	130
125	-41	26
-108	-152	-221
-60	-195	51
19	-200	-172
158	-136	203
62	71	146
-209	-231	-226
-97	-30	111
200	-213	61
98	-132	151
156	231	168
125	-26	-21
-16	-51	-21
237	148	-178
-62	-116	-33
-59	71	-181
17	246	-24
28	-111	-27
-14	224	-122
93	82	-6
76	101	241
4	-93	-108
 
