3	250	1065
153	159	-186
-245	-209	168
133	43	-173
136	-144	-190
228	136	105
207	238	-234
36	21	-111
-146	-55	87
132	25	-194
250	61	12
-154	72	-77
-80	-147	-161
-104	56	227
-242	183	-140
62	5	-34
-163	-13	220
129	-228	-227
-211	-22	-192
-53	-204	-175
-166	200	184
97	-185	-55
147	52	181
-10	-51	121
194	-40	-36
-48	148	-125
24	194	81
-31	157	-56
-60	-40	-196
13	184	-223
223	100	-102
244	-104	-142
-78	-212	57
-29	-233	127
-157	-175	51
-83	196	203
133	36	138
-175	187	-31
-69	99	187
62	229	-24
-215	190	-193
202	8	-20
-158	-207	-67
143	-7	236
-178	12	-36
-199	89	-83
-126	207	-215
25	-203	-202
-227	34	147
19	-40	-109
198	189	71
-237	204	33
-197	-123	-31
-39	-190	206
-32	-170	107
-123	-172	36
20	-188	-68
-131	-86	40
84	-23	193
-106	-239	-13
59	-2	159
208	215	-48
-193	148	22
-235	-142	-28
20	-36	223
-20	-57	104
38	-108	14
22	76	-179
49	-42	129
60	239	96
-134	-40	150
35	5	157
79	-111	-115
244	203	-214
182	88	-171
120	-3	-232
-69	24	203
-15	-151	153
52	151	10
198	-206	-125
60	102	-246
-240	-190	8
-235	180	-230
-195	-110	37
240	-73	-15
108	2	-99
89	-32	160
-175	208	3
-40	171	-77
233	119	-151
205	62	-247
-147	135	-126
167	-67	202
-110	-201	-184
-73	176	-99
122	226	220
-84	-180	209
158	-89	134
123	-19	-246
-36	28	-114
43	-122	-112
86	73	-75
-111	190	-85
39	-172	-12
224	-13	-244
223	-189	116
228	37	-177
-49	-191	-149
-127	224	120
105	232	109
-92	41	-194
-62	-102	182
197	203	-202
-44	213	110
10	206	-99
123	145	207
-212	-163	182
154	-99	39
242	-238	-88
218	159	-144
-234	-150	-92
-21	177	106
38	223	105
200	-69	-36
225	-137	95
-65	-187	-21
-98	148	-163
211	-137	205
-114	-163	100
-85	174	156
50	106	-46
-56	109	-70
-201	23	55
186	202	-179
-55	187	52
69	-166	-199
37	42	-69
25	210	-154
96	50	194
-152	140	231
-47	169	-12
206	-70	38
155	200	8
-51	-124	172
39	50	-147
-115	50	-165
-123	1	-18
-207	-180	-143
86	39	-45
-13	71	-242
155	204	45
17	202	91
227	68	44
39	117	70
25	136	172
12	200	215
-146	35	246
-101	-45	-176
-176	202	-74
98	59	-83
-30	-87	77
39	-130	-35
125	-242	67
-195	-106	97
37	198	126
85	110	-80
-117	41	54
42	-189	-243
-132	151	-3
-22	-128	89
-151	18	-222
-154	213	15
-208	155	-17
98	146	-124
241	146	92
-192	-194	-41
-138	77	-99
-231	-242	-117
221	-40	-26
-58	-131	45
-173	152	-31
-100	204	31
160	86	-56
-157	-54	-38
81	205	57
-212	-26	-169
-197	89	187
41	-197	-129
-93	130	-14
57	141	-116
131	-227	-246
-33	-166	73
-12	183	55
101	121	-157
-26	-58	109
110	52	101
-90	133	-235
20	114	59
-103	-208	-10
-243	-16	-85
244	239	-59
188	221	-112
-119	-185	-48
46	41	92
32	-1	66
-75	-128	241
10	164	49
-111	131	-56
-42	-121	34
-183	207	-43
-250	148	54
68	-40	-193
238	-23	-86
37	222	-30
-112	37	-163
-80	34	-133
163	-90	203
-61	-194	137
56	23	-38
-41	204	-180
188	247	-71
234	109	186
150	-9	187
-101	18	-42
-226	-63	113
-116	-108	73
170	162	200
156	-151	23
-96	-45	-35
-70	-206	-208
9	-250	-236
172	-105	76
-136	-115	-227
-176	-52	-217
105	-9	152
-190	200	-35
-88	202	74
-240	208	148
138	42	156
-50	-108	102
238	109	243
242	121	224
-99	-24	5
100	-127	-163
-99	-30	-23
-244	-220	50
-8	234	-203
29	-149	-9
154	-244	125
232	98	135
-196	42	86
78	34	61
16	44	-9
-23	230	-146
-1	27	243
2	-226	82
-165	48	-142
86	93	201
-246	139	6
-36	77	29
173	83	151
-176	-101	151
236	-20	8
-75	24	40
2	94	167
-99	-188	-107
-8	123	-10
-215	9	206
7	-163	-114
135	-131	16
-76	10	-217
91	-17	37
-37	140	-69
-83	-118	-70
-119	48	-79
-163	175	250
44	197	-26
-139	83	-90
-114	157	-70
-131	222	-30
-199	-19	-54
-208	191	-105
184	160	234
225	-230	215
27	43	-40
-185	-202	163
147	108	1
-153	24	181
-194	22	-27
225	-92	-232
159	83	186
-132	-217	192
154	122	56
-131	201	-124
96	83	-31
-63	6	11
83	209	48
57	245	-138
215	209	-95
28	212	-34
-237	102	-136
-78	-181	172
142	12	7
174	-88	-44
220	204	-120
134	-250	10
-233	-75	-39
-167	93	-5
9	45	-216
211	32	95
-240	-169	107
-108	171	-178
-140	-241	221
-22	-174	-137
-128	186	231
-80	6	184
-40	112	42
96	147	107
158	62	-195
-242	-176	106
-237	-227	-128
41	-203	244
198	16	-149
75	239	1
189	-23	224
167	-232	99
-176	192	-214
172	222	-150
9	101	219
58	59	24
153	19	-250
-12	-238	93
110	-79	87
-241	-158	212
-210	225	-140
-1	-158	10
-151	-170	-60
-108	6	-47
57	-5	103
-101	-173	-243
-231	-156	157
63	56	-235
-90	157	-136
-81	-158	155
-202	27	-42
192	-247	103
-163	-50	65
-27	-12	19
-63	-228	-28
-85	112	-231
-73	247	-243
-185	-7	-30
-112	181	213
1	155	-87
-232	207	-108
-209	156	159
-182	16	-11
163	126	-95
234	7	-93
-68	-16	171
-88	-186	-159
250	68	5
175	191	-145
207	50	-157
-13	188	-206
186	-200	119
83	-195	73
107	-129	43
153	-104	158
-250	166	216
138	-34	-27
12	210	166
-186	-153	-249
-86	57	-250
-22	115	-68
65	-209	200
-62	226	35
98	-245	-235
-243	59	196
-145	74	-176
128	-124	-204
-153	27	-144
20	-102	-198
143	-191	228
149	77	-103
70	-166	37
192	145	28
-39	102	133
-157	248	-21
164	234	29
-179	-127	-233
-216	-92	-120
-24	-216	-54
237	-109	-156
-210	-156	224
55	100	158
-11	31	149
-82	-46	-42
-43	-189	102
-190	-155	-249
194	-197	21
158	244	-115
-132	206	-184
166	134	74
111	-21	174
30	-128	-13
-135	-137	240
137	-74	-69
206	-162	42
-49	-38	144
39	-177	-206
48	111	71
-150	248	87
-126	24	-243
-40	101	209
-11	-112	33
-151	-210	-120
234	146	227
-152	-238	68
66	-195	221
-130	139	155
170	-5	27
-19	209	167
39	180	-18
-226	-140	-116
-239	-43	-132
-210	-124	-240
-8	-182	-174
-204	216	-132
143	-47	96
-2	232	51
119	84	129
-74	77	-223
199	-205	-115
-37	69	-234
-140	-79	207
195	-81	-164
115	13	59
238	209	-14
38	-76	8
-247	97	-163
-34	232	-206
-179	171	-158
47	246	-126
249	-135	-241
90	153	45
128	139	64
-229	15	39
-54	48	-42
94	107	-24
31	-202	-82
-157	-83	-76
-88	145	-176
-173	85	225
-103	-107	189
-56	222	-2
-74	-203	-40
-61	-10	-101
-163	58	-216
-220	125	85
-209	-57	247
-167	-18	-247
162	-228	178
143	127	-121
-86	-234	18
-196	101	75
-237	-227	-35
151	95	-179
141	248	18
-154	191	-16
189	-57	8
30	-236	-45
-15	-119	-72
85	86	175
-134	-250	220
57	109	-137
-132	-152	122
-154	-230	-208
153	7	240
106	-243	86
155	198	-115
177	144	138
137	-224	82
-248	-102	12
-74	34	112
165	13	-201
-16	230	-106
5	164	149
92	-5	-200
222	-66	161
86	-139	32
249	184	66
-29	-92	6
-26	20	18
102	-93	75
31	12	187
-149	-47	-40
56	179	-218
73	132	165
-99	-207	129
-221	250	66
14	-210	161
-179	229	240
-41	-111	228
240	-49	40
-172	193	7
102	-114	-29
73	-95	-180
-159	-30	79
218	224	78
15	-13	243
91	102	207
-70	-187	-217
217	158	-236
-74	11	193
-202	33	46
-37	145	147
116	82	-197
39	48	-103
-243	167	-156
218	-19	206
-58	-249	-155
-214	-108	249
-106	228	-127
104	-244	-136
-183	-146	-222
149	-217	-183
-221	134	-32
-49	149	-199
145	-211	194
-233	153	-18
139	-190	142
246	-214	-195
-249	-231	-136
146	50	-203
-211	62	74
-154	55	46
-221	-11	52
-247	173	-175
-89	-129	120
138	19	-115
19	-188	34
-171	-134	92
-11	129	208
-102	160	164
-12	225	-140
-106	-109	112
222	94	158
98	76	-169
91	112	-149
125	-94	211
187	-76	160
-72	188	-176
-20	-98	67
178	-243	188
62	-121	114
-74	71	-160
-67	-190	63
233	-190	161
126	-55	56
-84	-193	172
-31	39	-125
-65	89	183
191	64	-42
-164	239	223
-20	135	46
246	112	50
114	-116	-161
-148	184	-56
108	-198	-157
-184	-186	-93
241	-123	36
114	-107	-203
16	-50	-130
-239	-97	112
-103	111	214
-119	82	-213
-242	236	-62
141	26	14
184	-85	99
72	82	-135
125	146	-57
-42	-164	104
-126	199	80
79	129	-180
-196	-190	90
-105	-112	121
234	-203	-213
-153	-64	-85
-64	-38	8
198	107	56
-102	-191	133
-21	-115	-247
-119	104	-248
82	-151	-244
205	-92	11
-32	-230	-38
-209	-223	-34
-139	75	-89
92	-110	-76
241	-153	-61
-99	195	169
55	68	94
-73	160	-124
-87	-138	-11
-131	-214	112
130	-64	220
170	4	-146
-62	165	77
86	163	-9
-55	-205	-195
-192	25	-223
-239	244	176
-51	68	181
250	-88	-169
-240	-239	197
94	97	-117
-239	-247	-184
181	7	112
58	96	37
-55	-19	227
-83	21	-185
139	-25	-59
233	-86	5
-212	201	-109
29	71	157
73	143	-102
-133	-180	155
-190	215	145
206	20	239
203	47	-76
190	-125	28
172	-15	-250
136	145	196
68	44	23
-61	-88	137
-110	-13	49
-73	159	118
35	8	44
-131	-139	69
-248	-58	197
-156	-86	-98
-73	-60	151
38	243	22
-128	187	6
56	122	60
-88	163	122
178	-190	-168
92	-168	-119
-229	126	-112
237	-127	107
-82	-217	-26
-61	-80	-82
-104	249	-129
146	89	3
242	60	201
-213	-187	-47
-130	-200	-29
173	32	184
-179	-149	-134
-5	-148	15
35	-209	-56
29	77	145
-243	211	104
221	191	-6
60	126	59
-194	-115	-15
195	224	38
161	-24	36
120	170	239
36	-83	236
-151	101	180
-127	-45	-99
238	43	153
72	176	23
-169	-87	129
-220	-82	-136
24	124	-30
-2	25	205
7	-119	-186
-76	98	72
239	221	85
-110	143	-206
-52	16	7
-177	183	-202
-33	-208	10
225	180	-98
210	-192	-136
-151	-222	-143
173	69	-139
63	58	-208
-85	19	-96
-113	-77	85
124	-76	-12
223	156	-222
112	-93	53
234	-249	-115
223	44	-59
98	-165	60
-12	154	-198
229	-127	-70
-128	179	-232
224	231	-207
16	-135	162
118	-5	247
43	-216	139
95	124	13
-240	89	1
193	-136	-173
-197	-79	-171
205	186	123
-177	-142	243
-209	-207	196
-248	-95	-201
86	145	-240
163	-41	68
-154	-61	-6
-4	-208	180
-16	165	177
128	-170	20
250	89	147
-182	-28	91
161	-178	-48
172	143	-129
-224	237	133
-99	-104	147
26	103	-48
207	201	149
220	213	168
-62	34	13
-3	125	-220
-170	146	244
190	-220	235
114	194	238
59	103	82
-187	-49	233
46	118	248
73	24	-230
82	226	-147
-117	-66	40
56	-73	135
-141	24	200
-148	-136	-59
-81	24	-147
-166	-210	220
-42	214	-179
-9	142	-181
242	178	129
221	136	-95
-20	-29	147
96	-25	18
181	-209	-161
-105	-159	-118
-54	179	-58
-86	65	-200
36	-149	-207
-73	-103	116
173	68	-190
212	105	76
-191	89	-184
72	-107	137
186	-232	162
84	-137	-192
-171	-139	97
117	-99	188
-38	61	115
-233	26	-6
-18	-160	107
202	104	173
148	217	-180
-94	-55	229
-233	211	-93
209	122	80
100	33	-116
102	230	-184
-200	158	-6
246	99	195
8	46	170
-99	-210	34
181	83	-94
65	-64	-66
-54	237	31
-47	-82	163
217	-17	-233
-115	162	-47
-117	-90	-225
-114	-213	202
-12	-8	108
-197	-191	42
-144	56	-184
101	130	-49
-41	176	-171
-19	81	139
-152	-202	-54
-216	-25	49
-109	-65	192
115	-181	-178
166	192	78
-168	-220	-34
214	129	-189
75	137	218
-19	-157	-38
194	-108	-153
-103	80	190
-52	14	232
143	102	-147
218	136	96
217	26	145
89	150	-136
132	87	-199
123	220	-76
208	48	-79
-91	-19	-187
-42	226	-132
112	-136	5
36	-121	-51
-55	-98	-178
-45	-242	-249
214	-19	111
13	57	-250
-98	153	119
-29	-69	107
-185	-246	-249
-69	191	-244
44	48	246
-42	163	16
169	90	98
32	-230	45
-7	-231	-211
-189	-204	44
47	-38	22
-92	-116	-172
238	-173	197
53	-210	-90
10	148	-204
-163	-128	-238
-16	-32	-51
155	-207	114
210	41	-26
50	65	-132
-202	-30	91
-124	-229	62
-116	-71	-239
46	-130	18
-56	-229	136
-151	182	-33
22	-244	-225
115	34	-212
79	-58	-12
169	-184	54
21	-81	91
34	195	-61
231	-146	163
162	216	-56
-177	-27	165
-38	-168	144
214	213	-40
-226	-60	-48
-182	56	170
-233	-240	-40
211	-7	105
-200	98	248
-140	-96	137
142	-165	-85
75	135	138
-52	244	-114
-191	48	-95
-15	176	62
181	5	210
164	141	247
158	-56	22
19	153	-167
-79	105	-129
-186	-187	247
7	-116	-203
31	73	-13
172	-112	-127
-42	-53	72
-163	129	-15
-222	30	-83
-132	63	-71
-120	-37	-26
213	167	-53
-113	-250	-124
-95	130	-176
-175	186	-21
-160	-200	172
-185	-159	214
232	-55	-50
-1	-27	-88
-135	129	-78
-40	-34	108
-8	-152	-212
22	-120	-209
29	-225	168
7	-36	249
242	-230	156
153	-199	-26
-19	191	33
118	-41	-232
-156	-163	170
-27	238	89
56	241	-228
245	123	89
35	218	140
150	159	-208
178	89	193
46	-77	20
171	-152	248
-109	-214	65
44	-129	226
-206	-126	-128
-178	-188	-225
72	-132	-34
-166	-250	-176
48	42	-34
-62	-249	-108
88	74	-188
-194	-93	-31
190	78	-171
20	-106	209
-35	-191	-250
142	217	-221
227	-223	-85
179	140	-73
-16	24	236
-226	112	-55
122	-145	-152
-84	-200	152
-164	-135	-241
117	-249	18
217	-198	-207
206	-46	105
-36	-221	-28
40	53	120
24	156	101
137	-223	-22
-53	199	-240
236	91	-98
248	68	39
220	-121	-233
-145	-49	-213
111	195	-155
228	88	51
62	-99	-147
-178	187	115
150	152	-76
-67	178	162
-182	6	-102
-61	-143	52
202	171	-204
-93	230	-112
136	-158	-107
61	-140	162
103	113	-166
11	26	137
170	-87	-209
224	-85	-244
-81	25	-17
107	-170	-99
205	240	231
-189	236	173
34	47	-185
-155	-147	-174
158	246	-160
-211	223	-129
-28	-3	181
-50	-184	51
134	115	-14
-49	-193	-150
-97	159	-140
171	127	207
-106	127	41
24	246	-116
191	102	94
-7	-157	202
100	-53	178
-163	-10	-131
204	-189	238
220	167	-142
106	-13	-108
107	8	-42
-39	-227	205
-161	-133	59
188	-171	-201
-31	-90	-219
-128	3	-135
115	-76	175
-189	155	-236
-31	240	108
-188	-101	181
-33	117	80
115	-150	-193
-144	-158	-91
-66	-185	-133
-15	103	52
23	-40	-157
-220	72	92
-98	-5	218
-81	199	-56
-165	137	74
-8	-105	121
-106	176	149
-9	185	-15
-98	-203	-97
-125	81	-106
-28	-55	-42
226	74	175
-135	30	197
-47	103	-22
-111	131	18
-154	106	120
194	231	-161
130	-240	-211
-144	184	69
103	-188	205
186	57	-138
142	195	-123
-233	191	217
-159	161	39
52	-178	7
234	11	176
-180	206	-191
-214	-209	-134
66	-136	-26
95	-139	-192
139	-170	-158
133	137	-126
240	-81	102
-111	54	-212
-26	191	-60
115	-179	166
191	-126	-9
209	187	-207
137	170	249
20	82	36
-76	-164	-5
113	-126	123
-247	-150	7
-148	-95	235
241	212	-121
101	117	83
-103	220	143
45	88	-233
117	189	-36
142	75	-190
182	201	-97
-33	-159	173
-8	-179	-102
-181	-97	-82
-195	89	241
-115	34	42
166	80	-6
-102	12	68
-97	-183	143
-94	180	-85
93	64	217
220	-192	-69
160	-208	25
-210	142	215
232	134	235
-241	204	-80
20	227	133
46	193	-37
142	-15	-138
-161	-133	-62
 
