3	250	1065
152	62	182
-215	241	75
216	-58	178
-46	223	-178
-166	-149	80
105	-58	-175
-84	109	-179
170	8	-15
137	126	179
9	176	199
-203	-156	163
-64	-25	-166
-200	-103	214
170	-86	-168
149	-158	-103
203	199	-59
173	-139	-25
45	81	61
-51	214	-95
-146	211	-152
-153	-10	-96
-211	-48	-60
193	-180	21
13	-238	29
100	102	51
-148	-3	-118
-164	-174	-41
-163	101	105
248	-116	-30
-116	72	-86
-24	-220	-189
-134	128	-75
-100	-14	-83
247	-194	52
11	85	-94
-32	-24	136
-122	-48	227
179	71	90
-198	23	-231
22	-58	34
-32	-187	-58
-17	-28	-19
-70	-152	61
-196	111	-108
-126	-132	214
194	-29	-54
-222	-212	-238
230	-25	113
-126	130	-138
140	181	129
221	33	153
-235	-4	60
183	223	-39
-72	138	-101
206	11	-87
209	84	-208
210	93	-244
34	247	-209
-44	113	-109
-51	27	240
62	-68	187
9	-138	-137
-238	190	-198
168	-55	-102
-6	-249	200
99	-196	127
-79	-223	194
167	-212	40
-103	77	105
128	108	-52
136	-201	132
69	65	12
196	-5	-152
161	240	57
242	200	162
-205	-4	230
35	53	-145
158	28	193
11	247	-96
178	-104	-137
-188	127	-192
-243	-128	232
76	-81	-91
-124	-150	174
157	-146	139
-231	172	187
102	-81	157
-147	43	161
165	-185	-200
124	60	63
73	83	218
-39	-106	137
-26	86	-147
-236	237	142
-103	-198	-106
-212	33	41
235	81	151
225	-52	-174
-79	-224	234
16	-12	-7
79	138	248
164	-52	-121
153	148	-198
74	97	158
116	-83	78
87	-33	-142
-125	-66	-11
141	32	80
-22	-182	195
246	-104	94
-78	-62	-80
-179	21	-46
-121	-155	207
-49	-14	-247
5	190	90
-146	91	126
-205	-239	42
-174	-48	-212
-195	46	-218
177	-43	100
-80	36	204
228	-214	-3
76	137	-227
-241	-212	20
-118	80	-101
81	-176	27
49	-108	-1
-231	-203	101
-181	-229	-79
8	55	-61
-100	-104	-81
-164	-187	-70
-128	-219	-149
-97	107	117
-156	-65	-107
-123	-23	233
-165	-63	57
181	105	-14
216	180	46
-135	-11	167
121	99	112
223	-217	74
73	-131	-156
25	175	169
172	-142	33
177	3	-109
50	78	127
175	179	-209
-69	40	93
10	32	241
-52	47	-126
-71	135	-58
-25	183	92
-150	81	147
92	77	-38
204	171	203
60	151	-173
31	123	-115
-229	-5	208
-132	-89	-103
76	-124	-142
-67	-12	-124
171	159	-94
162	-10	-204
-146	-16	-39
219	10	82
-83	105	-47
178	14	84
-220	211	125
-124	-226	-25
-121	192	220
237	135	-113
208	19	220
157	-9	229
40	-56	35
-25	89	199
2	28	-135
69	18	244
57	-216	-43
-95	37	-30
136	125	-86
-85	-120	-154
-195	52	233
222	-147	8
238	-27	-41
15	-42	-17
-227	-210	-4
95	124	-39
-119	35	-26
-131	37	-235
62	-69	182
-213	146	-17
-203	-121	-70
-121	-66	-166
104	-72	1
-228	-55	123
-217	95	-186
-179	14	82
130	126	95
10	-125	108
-65	190	154
-227	66	-131
-124	-227	-205
235	-106	85
-115	-162	-230
-72	-236	-132
-11	149	46
83	-186	71
247	-126	151
-187	69	-213
-108	112	120
220	-98	191
-108	71	188
224	-104	-204
-176	122	227
-23	-146	-129
184	105	63
127	-227	-122
143	128	82
-4	177	-138
-248	-88	-72
-92	164	-61
205	-165	155
-55	-121	-186
153	-221	-114
216	199	-17
244	167	-160
-233	25	113
-197	156	-212
-70	-194	148
-112	-200	47
124	230	38
232	-17	-132
-185	-102	-138
-73	-54	123
69	-98	56
236	-99	22
131	-114	-72
-245	141	77
-62	110	114
40	148	-197
-137	249	-22
213	-152	-17
9	159	-114
146	103	10
109	-77	-237
-228	-58	248
-152	-178	170
141	220	242
-155	-200	-135
-3	67	-248
-239	100	-228
-5	-250	121
-8	58	50
-31	-218	55
87	134	-80
-4	112	-51
174	102	147
-124	34	-122
29	-63	152
-95	-66	167
-125	-154	-152
-73	57	-101
-34	-225	-161
-90	177	-5
-24	104	-49
-230	153	-102
-130	150	-42
108	153	117
-210	-147	-191
-197	162	53
193	-80	233
29	91	210
213	-178	232
94	154	186
234	64	235
117	2	-166
160	-74	216
-198	-108	-214
-218	31	-62
-227	48	244
-46	201	53
87	209	172
88	-26	174
210	172	-141
-201	51	4
246	57	38
147	-104	47
135	244	150
169	5	25
15	-227	-151
-105	-166	-219
230	-110	-90
151	62	238
-154	39	37
-29	-112	-39
90	-234	124
-43	-107	-198
127	34	188
-148	-237	-96
246	194	-55
242	211	168
-203	-62	150
-26	-70	-66
20	82	136
58	11	245
-46	-36	78
-8	104	157
190	-30	170
154	-12	-186
91	184	211
202	92	-41
125	-63	45
131	-159	79
155	68	-82
41	199	-141
6	236	28
237	-140	144
-81	52	-23
229	7	4
-18	-137	60
95	-143	80
204	-176	-234
-211	-38	205
-169	-175	-63
34	-3	-46
187	-6	76
109	-80	-190
-246	138	-184
8	-38	55
229	244	-43
207	22	209
-47	-146	165
133	-234	229
196	192	137
41	240	-90
-37	221	-198
-81	50	131
87	-169	103
165	-181	-228
-147	222	-228
163	90	-211
-95	-166	13
-94	248	-218
-233	228	134
-198	-176	36
-166	-75	180
90	29	180
152	98	-88
-71	-27	-129
19	183	-82
143	-23	68
86	239	31
-105	242	-133
-93	-181	-203
-128	-153	-121
203	-99	-1
22	7	-138
-87	127	220
146	-162	-10
-36	-10	47
-134	-171	101
-33	212	28
147	100	-176
-196	213	156
-100	96	47
-149	135	-186
21	-51	88
98	-117	200
-17	-178	231
209	-233	-137
-21	27	23
-83	46	92
-21	-191	-178
-238	-230	-89
-9	109	204
34	135	-108
-97	173	179
-249	113	-214
-86	71	156
146	-48	166
181	226	165
171	129	178
122	-65	-134
-12	77	37
-224	-146	122
169	-174	40
88	-133	199
-36	-104	79
-135	201	-146
245	-91	41
-180	-148	-209
-40	68	53
3	118	139
151	170	-29
-192	-85	-237
-18	131	115
-146	-139	-162
234	-130	-112
-200	-113	-67
124	101	-242
-77	101	-73
-35	-223	-60
191	155	66
199	-226	140
-173	-78	-149
-106	-14	-83
-100	-240	131
-96	-127	-206
189	-127	-208
126	-64	-239
7	83	-190
-249	111	134
-181	114	195
118	213	-249
-237	-167	-204
152	199	14
236	-36	-135
-188	-95	17
-5	99	-4
-162	-212	98
-39	-102	41
-116	175	200
172	-184	-119
58	-14	-165
205	-99	172
79	-25	177
-185	20	240
236	-175	-12
-15	35	-190
140	51	-227
137	181	-237
129	235	-160
-197	-104	88
136	-223	-100
-203	42	247
-142	240	29
-19	182	-64
-92	-246	-36
244	-90	216
40	118	160
-134	189	3
240	84	236
234	103	-31
-13	26	-75
96	-159	-108
19	-77	-92
75	228	242
-96	14	-106
-113	45	163
177	119	-190
188	-143	-210
-188	238	-175
182	144	219
175	133	46
118	247	188
-190	-219	204
97	185	-103
-226	46	45
-196	8	199
-60	212	15
59	208	14
-127	-204	197
-131	-200	-106
-241	89	195
-207	-140	1
18	-195	228
-43	84	38
-50	194	211
93	110	194
77	-6	164
97	-245	-74
69	34	-195
108	-41	166
-104	19	-214
218	73	-151
-140	45	-195
121	-139	180
-21	55	-67
-207	170	244
157	28	-134
-8	-212	228
98	45	-187
54	130	187
95	-23	-173
150	-100	11
-217	164	-43
-241	-215	12
-60	-45	2
-250	9	90
-154	248	131
246	-247	201
5	181	31
-139	-168	-67
207	164	240
-77	-239	85
-244	-147	112
11	-190	232
-63	-95	-7
111	-191	-84
188	64	157
-138	-14	-206
50	218	80
-120	-72	131
-47	-62	56
-49	100	105
-13	10	139
-108	57	65
222	207	145
217	129	157
-64	57	169
-44	-24	51
28	98	-115
165	6	-159
155	75	-120
131	161	-186
-90	123	-220
199	-82	58
-15	-89	-98
163	54	-31
161	246	38
43	135	239
222	223	124
-121	-50	137
-173	-135	-89
80	-78	-199
-233	-216	-128
-13	-199	-125
184	98	-210
-106	-238	-66
147	-19	-61
-88	119	-201
-117	-102	126
152	-172	201
42	98	-2
-90	188	211
134	120	214
-11	-202	-154
-240	-94	64
-204	246	-154
147	192	-133
-203	226	35
-219	70	123
-196	107	-78
90	-57	-36
192	-101	112
-1	-168	-61
135	46	249
22	199	-117
232	-173	-234
247	-159	-244
-136	208	103
125	9	-124
134	-38	-75
-178	-118	81
54	-132	-207
233	125	-121
163	195	4
-163	-202	-58
-145	130	-62
-23	-95	77
143	-125	192
9	-123	207
31	72	-227
32	-203	58
39	-199	194
182	70	-211
136	92	-42
118	-134	22
22	3	-33
178	-134	159
-208	181	-156
-88	190	-81
79	-150	67
-181	15	-40
173	-22	19
167	101	198
-62	-105	-191
-75	-63	122
-179	95	-129
103	231	-244
139	229	236
87	112	109
249	-79	155
236	147	-162
86	218	200
-215	228	239
205	-150	-152
155	175	-234
127	-31	-99
-8	230	182
-219	-23	249
-247	-178	-211
53	-145	61
238	81	136
-51	128	9
4	53	90
64	-6	-241
-160	-207	126
-76	231	161
-241	119	-157
-66	104	44
-218	-170	-59
189	103	-170
144	149	-143
-85	100	-79
233	165	-33
-79	-38	58
101	-185	-103
183	-143	-74
36	32	-33
43	5	46
213	-109	-152
21	97	82
49	-224	122
159	-202	-88
-65	228	-14
103	117	-31
143	210	10
-65	-125	-64
241	-157	-185
47	-244	-136
-189	235	9
-147	250	-81
247	80	31
-44	7	186
137	-131	-108
-164	130	225
-45	-247	81
32	-150	-176
92	-3	198
-142	-117	163
-239	-53	234
44	-20	-79
-220	-177	131
87	81	93
-66	-249	191
82	-236	131
-147	242	126
207	-85	-196
176	67	15
92	-167	121
-110	226	103
-97	-187	-42
-242	-118	188
-130	-38	137
239	-55	-130
130	-174	-101
-217	150	193
180	-178	91
-240	-11	-100
135	-147	-43
12	-47	-166
-13	135	29
-55	3	-17
208	-109	159
46	-120	-214
-80	146	178
-124	-20	229
241	-30	-54
156	-133	32
132	235	136
-226	-153	-165
-248	-21	-193
27	-163	198
4	-77	-5
-51	23	178
206	-93	153
-43	-243	-70
153	245	155
-222	79	151
169	165	-64
-98	-57	24
49	-220	-12
111	-107	225
-90	-178	-129
32	-72	157
27	16	-64
70	-64	-210
61	43	-20
-86	-147	153
207	168	127
-121	40	61
-175	-159	139
49	51	-114
-44	-172	-68
-2	-92	-122
174	75	235
184	-173	199
-117	213	134
-229	221	122
-177	197	-56
-226	5	214
-169	191	-221
104	67	-124
-17	-86	49
-118	138	-71
153	-15	-157
139	-169	-116
-99	9	-36
-149	64	-236
-72	123	65
-43	198	118
-125	202	-36
-210	-160	-200
-146	-30	60
58	-48	-187
226	-233	-180
-211	56	196
-186	-5	165
-132	145	75
-6	-84	99
174	182	-21
96	-235	9
-47	166	59
7	183	-203
-133	130	62
20	245	-200
243	-193	-209
55	-31	-105
172	250	-88
-104	-214	-91
-183	215	156
106	-249	-196
3	-54	-211
13	-89	203
-62	-67	-247
-64	164	-157
-222	-151	-160
97	217	-212
-10	-86	-218
-245	-247	-249
183	-212	-144
-2	153	89
70	-167	20
-161	-234	179
60	-191	110
-38	-115	-220
-119	206	53
11	-186	40
124	127	-248
166	64	134
34	159	-181
-153	-208	-90
78	-176	141
-131	-80	-234
-70	47	-52
-19	105	-82
-83	-10	128
128	-43	-220
125	-40	-5
-95	-237	182
-69	-209	-108
-71	-240	-225
-242	39	-232
-137	181	180
-27	133	83
211	-98	-230
34	68	127
-197	-8	-77
-70	-105	64
-95	-23	234
-199	192	110
-66	43	-176
229	-248	-199
189	-245	23
104	89	41
-101	-214	-212
-68	-208	14
-184	-129	-62
50	123	-231
-90	228	62
151	-166	-41
83	-193	142
-161	119	169
-208	51	225
-163	213	-77
52	243	-58
-27	187	126
-209	-194	-179
-230	123	231
-54	-224	-65
23	1	149
-13	120	-189
-198	246	165
56	103	203
-139	-111	-238
110	14	186
-11	-106	-148
172	191	181
166	-123	-156
131	48	74
-54	111	-78
-18	130	26
101	1	209
-85	3	149
203	1	105
-91	-173	216
88	180	214
132	-197	-44
117	61	134
72	4	177
120	-45	247
-125	-136	45
-119	-178	131
75	216	-145
162	20	152
120	-168	70
-197	79	-162
-78	-186	-71
221	220	-190
-14	221	225
190	179	-191
-36	-242	224
-90	60	225
135	239	-89
29	118	-117
-27	-223	-104
112	-17	139
125	-54	-181
219	-98	188
204	-201	-159
246	-230	-164
-247	-57	162
-7	17	-179
136	-85	-240
115	-94	111
-214	160	-44
-22	-6	-46
-58	148	204
128	220	153
-28	-157	138
-202	143	-212
234	-42	227
-217	33	16
-239	147	69
185	-41	-17
124	129	88
56	-106	149
-150	101	-155
15	-8	70
-194	-84	123
-156	30	179
-101	-171	157
122	103	-142
200	33	170
-102	60	152
-24	-176	-86
-3	21	121
201	-142	-176
-4	-118	226
-241	-238	-151
199	-235	96
234	189	35
177	-49	196
46	145	231
112	-58	105
183	-147	-50
43	164	175
133	195	-73
-192	92	-108
-40	-224	-232
210	-168	77
-246	239	-171
194	199	-133
229	-219	-21
-10	181	106
-172	34	-9
-5	-39	194
-114	-152	-209
-176	-146	204
-78	-241	25
25	-154	-133
-238	156	-214
-191	-196	-74
136	118	-89
141	108	208
-99	-244	188
120	-51	-78
-242	78	74
27	-138	200
48	-92	175
-61	-14	-8
-112	14	203
189	-55	-162
75	222	69
91	-135	111
29	-201	-39
-188	-61	197
-224	-188	65
-67	24	232
154	-139	203
40	-182	-43
-11	155	53
217	-18	-240
42	219	213
92	8	149
-138	-62	-234
-172	150	-105
26	74	167
-204	-148	-37
177	13	-148
128	195	231
-61	46	-20
-65	46	201
49	-15	204
226	-107	-138
44	-60	140
-145	-231	61
-41	-210	-125
48	239	-200
125	-51	-237
207	-218	-229
-110	137	128
250	92	-234
60	-130	-163
139	5	-38
44	223	-180
170	178	59
71	-98	200
-228	31	162
-127	178	46
126	96	34
227	36	-29
144	-153	-224
125	184	226
77	200	-192
-183	239	-89
68	21	242
-222	199	-228
140	-166	-118
130	-29	141
-65	83	243
109	-116	57
-175	-184	61
-86	-18	-204
12	-248	35
147	230	31
159	145	-125
184	-39	-47
171	185	-167
18	-80	133
91	58	10
189	16	183
49	208	-77
-245	214	-179
-46	-106	-75
-209	248	-44
-8	57	-167
228	168	-149
-48	-8	-156
222	-214	99
33	101	4
-228	77	179
-86	244	-216
176	96	-236
-73	44	116
-178	-123	-108
-53	178	4
-29	-158	14
-223	-67	-157
-111	-220	22
-234	-69	92
52	-111	22
63	-90	55
-29	-48	-22
97	164	-21
-56	123	116
-165	-174	159
228	20	-181
-148	104	-208
-170	186	66
-73	-63	243
-237	125	-38
-236	39	14
77	-219	193
187	-57	-218
121	69	-38
228	-243	-121
9	123	220
111	-114	-9
85	-203	52
207	18	64
47	-17	181
70	26	82
203	178	131
-90	-160	-230
-167	202	-197
-40	-68	-238
-82	198	-167
-35	-243	-157
-193	-88	-142
101	145	88
19	-163	176
147	-214	2
-43	161	35
182	-19	120
210	42	242
157	108	-29
-136	9	-124
-180	114	-161
246	244	-6
-212	27	239
69	231	185
-7	198	-56
130	-15	240
28	224	46
-230	50	-139
-46	-71	193
27	173	203
-208	-183	53
249	250	4
156	-13	-140
-7	26	-212
-204	31	51
-196	70	36
29	16	8
123	215	53
155	-15	59
245	167	-94
-149	19	26
-193	46	59
240	-200	82
-76	-117	104
197	229	234
246	172	76
65	-48	-138
240	238	-164
161	-106	-244
82	-186	-205
-122	-222	150
-40	-57	54
142	-169	39
-183	-151	-175
152	247	100
-85	-184	47
240	171	96
-95	241	-194
-203	-229	85
-41	-56	248
216	-247	243
-51	221	-44
172	-108	-133
-49	194	157
-134	112	115
-190	-218	24
55	-29	-224
241	-96	95
-51	-10	31
-17	-27	-213
-158	97	-183
-185	-84	190
-145	174	-211
77	97	181
-208	-70	99
135	109	-104
-229	-224	-216
-33	26	72
164	-93	215
166	156	88
21	211	-147
-6	159	222
-207	66	193
-112	174	25
-122	27	-131
 
