3	250	1065
111	97	42
-243	-181	-193
-20	-61	171
-148	-99	-10
-178	-91	155
-84	-80	191
-222	128	197
90	49	152
13	-154	129
-223	81	-173
-222	150	221
178	-247	234
216	250	62
147	22	222
109	-16	205
-173	114	-170
-249	204	191
246	-43	100
125	57	-131
-220	-191	189
195	144	-196
-58	36	175
-99	14	-46
-58	196	11
112	-11	34
132	-129	-149
-49	51	-221
226	147	2
-226	153	17
80	202	69
118	-133	132
-200	-9	-175
-159	-207	-120
-232	-203	-118
56	-19	-160
127	249	44
133	-214	-11
-31	-43	-198
-116	-184	128
192	238	-85
11	-238	-215
57	-129	193
59	217	119
182	-233	-3
-126	157	172
-176	18	21
119	-128	146
137	4	-49
76	193	149
-13	127	21
-218	-13	45
-6	22	-244
234	-219	-193
198	-49	-145
-210	140	23
7	41	122
-168	-34	-45
99	-169	96
-244	-149	-119
34	-205	-135
165	-192	249
60	160	-61
232	-170	164
147	204	13
-10	-126	-212
102	-97	87
-127	193	239
184	30	-228
-212	3	-142
-231	-28	109
-88	24	136
-3	-1	211
49	-122	-37
214	-181	-147
-89	136	192
236	165	137
140	90	-11
-109	-129	70
-39	-119	218
99	62	8
154	245	249
50	6	177
8	215	136
114	148	-160
-204	-181	-196
46	-124	198
132	213	-70
-65	29	-140
-242	219	-147
-35	-5	-159
-183	11	-3
195	-187	-127
189	60	178
-78	-2	1
203	-187	56
-241	-99	32
158	-174	24
184	-126	79
-142	31	-90
-194	208	179
21	60	-193
-140	-210	95
182	178	156
-98	180	-140
179	17	-103
-201	36	231
-64	-227	-243
189	71	-165
204	178	-132
239	-44	-220
-12	-101	21
26	-58	-86
-6	-155	-47
122	203	-54
-207	34	212
-161	-137	-214
-41	-155	-15
-102	179	-134
25	-220	-85
-247	180	165
71	-16	176
241	238	-210
234	216	-61
1	-138	130
-215	-213	-31
168	242	151
148	16	-86
240	5	164
210	-123	-165
-191	172	93
107	218	6
-106	209	47
140	55	-71
-81	-64	65
-125	93	-193
-232	-171	212
18	-34	231
-131	-114	-100
-144	-247	-17
-231	116	12
-167	65	-246
-150	-69	-207
175	-13	-45
-227	107	-207
-163	-46	-64
-250	135	212
-169	162	-82
57	-216	-227
61	-216	47
215	122	-158
-175	46	11
-150	209	-185
-196	-140	-191
-112	51	145
-21	33	226
54	235	67
88	22	-65
-248	199	39
118	-233	-79
116	161	-179
-112	-143	224
35	46	116
248	65	-68
-65	-120	170
-40	247	222
-206	-199	-204
-24	162	207
9	88	76
109	210	-184
41	-87	216
-214	-122	-229
167	-160	97
-64	-179	208
153	82	7
80	-124	183
70	-95	-228
189	-154	136
155	-24	-235
-159	-65	40
-12	230	-246
50	-94	-222
-4	81	113
-196	-21	96
-139	-41	-73
50	-216	-203
-172	-210	-70
-102	-241	-43
-36	77	179
-139	145	101
-184	-122	-22
-113	-87	-141
-144	81	-119
94	-80	75
-83	99	227
238	-243	170
190	-242	-173
208	67	233
-75	96	106
-231	-200	-164
-6	-120	216
-12	-68	86
86	-105	75
-94	-4	172
-16	134	239
152	97	241
211	-34	186
-55	53	187
-205	-214	120
-166	179	-156
25	-9	92
133	-87	147
150	188	167
202	-21	-1
-94	-63	-93
244	242	210
200	-139	172
-211	-106	241
-164	-143	-78
-78	58	38
122	-50	245
166	-85	139
-141	142	-200
189	182	-34
241	173	56
32	215	161
-28	211	130
-11	188	-203
-101	7	-152
-133	14	170
-49	74	229
-4	128	234
-195	55	218
117	-115	44
-16	133	80
-199	119	195
-200	-82	-173
-214	159	21
218	-172	-150
-77	-206	32
-27	91	221
-16	-218	130
-155	114	3
210	13	-230
9	100	126
143	32	107
162	-19	-91
-135	112	-105
-195	248	-162
-94	-116	34
235	-49	70
216	74	91
-47	-250	-160
-51	83	194
-147	100	166
219	-54	121
-111	-110	-107
-249	212	221
104	-164	-191
98	-22	47
-85	-171	168
238	70	172
65	-20	-49
144	32	-75
31	-177	-223
191	-25	95
171	217	-124
-179	-125	164
-139	-54	-122
-164	-167	127
-60	184	92
209	212	38
-227	-232	-223
231	98	186
-54	225	-239
247	171	-166
-159	34	-169
45	-92	-204
150	213	10
-158	119	-46
128	-46	-76
-250	-43	184
139	34	140
4	202	-84
-85	195	17
35	219	-111
-10	-12	37
-241	-68	59
1	-164	62
-233	-11	-43
-65	175	102
-170	-44	125
232	228	121
-151	-109	194
61	-175	131
237	-239	-196
203	85	24
130	22	238
-31	-214	-203
-94	237	-70
-246	-78	-232
-170	-118	230
-203	75	43
-35	106	-69
-133	-173	231
-196	142	149
74	-2	-182
74	148	201
221	123	-132
34	-242	133
-86	140	171
-48	-142	-5
106	-19	-98
-83	-106	-57
174	-178	158
86	27	242
9	58	-201
213	-142	165
245	-31	155
-218	-168	-228
-228	61	-197
-29	76	14
125	52	-192
-88	-106	-170
42	126	82
-190	-229	-116
93	-226	8
157	79	147
-238	-205	114
-72	238	-147
208	197	126
6	175	48
109	187	-82
-13	-22	153
149	-1	87
192	-111	41
-139	-190	47
190	61	13
219	-79	-69
219	-104	-249
-149	-90	-12
61	-45	135
-184	-171	-148
244	160	-42
60	248	-101
-209	-201	-87
166	200	37
138	-240	-189
248	-180	39
-37	51	66
-134	68	-69
214	203	-156
-19	-141	-202
-88	-173	67
194	-248	-109
-128	-19	35
152	-203	25
-20	-221	168
-109	-16	-15
233	86	225
59	-222	127
-165	-70	68
-218	147	-242
-228	-227	185
-219	-135	162
-52	-34	-228
45	-42	214
133	199	238
-44	61	-82
-54	-22	118
-221	-17	128
94	240	46
-148	235	226
241	-151	-120
-56	-183	-194
-17	119	175
-148	-161	-109
-221	116	195
5	242	204
-47	119	-15
148	-59	32
192	100	-9
-10	-14	91
-7	215	-83
43	135	14
220	23	114
99	36	-167
-83	95	-223
14	57	-147
241	59	-120
-61	85	17
-241	185	-146
116	124	76
-21	-60	-181
153	-147	6
16	-212	206
142	127	226
18	-148	-141
-218	-8	-247
95	77	-49
-220	-114	162
-217	37	-173
210	-92	104
37	152	98
-185	-144	-100
183	-213	-62
141	105	244
19	6	159
212	-143	244
-82	111	-186
-128	27	141
-146	11	-133
206	-93	185
-206	-176	183
-241	-66	218
-103	124	-88
-22	208	218
83	-52	134
-57	120	24
97	-59	75
-125	88	194
-169	102	215
178	87	112
-159	-161	-147
191	246	24
86	-185	-95
36	-66	27
-61	-129	-118
200	99	132
61	-222	27
-92	72	-22
-111	-137	-233
168	198	63
-8	-70	-101
-170	226	103
34	151	161
-222	199	147
-139	3	230
204	-46	169
185	105	59
126	-85	20
-47	111	-55
-227	-204	-143
-56	-109	-227
59	-96	16
236	9	151
-111	91	-150
-55	-11	169
128	-23	182
16	-56	189
-97	-158	81
-37	-24	-216
152	-244	-10
143	-69	-249
168	-189	-50
178	67	131
133	101	67
97	188	-250
83	-150	-9
75	-142	120
-98	-176	-155
21	-66	69
94	10	43
34	198	-200
223	-103	66
182	75	-239
55	-74	-238
229	5	160
71	-131	223
195	-145	104
73	169	-156
-234	-60	-32
122	-162	198
57	4	176
-30	-218	-243
214	51	-150
78	96	-214
-53	-189	-59
-45	27	244
69	-87	-236
-41	184	-14
95	-131	223
205	44	-229
-4	89	226
-15	-127	118
-213	-229	21
103	13	-205
115	26	239
41	43	-120
-48	55	-56
3	-18	-222
97	-98	-153
-246	-37	250
-16	-169	81
63	-232	-177
111	-150	-249
-223	19	91
100	65	-49
-137	-64	96
89	-11	-13
-246	240	-59
238	-44	249
-91	19	-133
-67	-4	-245
-193	60	204
-114	70	-72
-153	-52	187
220	222	-125
33	178	-245
-221	-33	25
6	102	-169
-221	176	-35
-14	-47	-136
130	-181	174
91	179	46
-214	-109	-135
-115	157	-84
-64	-78	208
195	-96	-37
-131	-61	174
211	140	135
3	137	227
-247	99	118
60	242	-179
90	-241	-210
-39	-127	26
-244	224	-185
-10	57	69
-211	-70	-108
-39	5	207
-134	-57	-1
-206	-223	196
-111	202	63
-46	-39	143
120	-216	63
-201	98	136
173	212	87
-124	-212	231
-9	187	98
209	210	-241
-101	-237	52
-101	-110	20
-216	100	-84
5	-44	161
127	-154	-210
72	26	-232
-181	112	28
-72	-15	-105
129	215	-184
-40	193	-32
-245	132	-232
-144	-185	-105
176	207	-168
170	241	-93
231	70	-102
-220	63	43
194	183	232
201	29	-73
246	229	-174
248	62	24
10	-44	-155
99	-188	-125
196	187	7
-203	-51	44
80	-137	187
195	245	55
-41	-146	-237
-144	-171	-159
217	142	-13
135	-97	38
-83	-144	17
-186	-33	-209
145	-92	104
15	-208	-184
-180	-103	-48
239	-6	-140
70	78	164
212	-145	-203
109	-212	152
244	-168	-222
-37	-124	151
-58	-199	121
83	189	-16
-229	-112	-173
-249	-148	-80
115	-225	-88
-59	-209	-165
51	12	79
-27	-25	195
-112	153	-246
-156	238	159
210	-62	-18
15	41	208
176	132	-28
-219	-193	-85
149	40	-196
-116	242	-10
80	-130	-40
41	149	27
1	-238	-51
-44	-101	225
-188	-23	249
-197	235	-244
-132	-62	-116
17	-131	123
-3	-10	177
-234	-187	106
96	81	245
-57	199	-78
-58	-123	89
-6	-193	64
16	-153	-249
-133	231	212
-144	128	227
179	108	-206
-71	-44	89
-197	242	161
77	246	26
67	-17	224
126	-166	-131
228	-2	-212
-73	82	180
28	-103	-39
150	208	-179
146	-127	81
-195	186	-14
95	74	232
68	-85	111
-19	-38	-210
-113	56	87
-206	-26	-230
119	27	55
-107	-118	196
-220	-242	122
-139	-51	-87
21	-200	-194
232	-37	-153
147	-244	70
177	180	-35
-79	-248	24
84	-244	-218
154	225	174
8	-157	53
-120	-177	194
-127	-52	50
-168	51	16
-22	231	-234
4	44	-151
70	-241	77
65	-21	102
-136	-88	-120
-160	-245	-178
138	-192	-7
188	68	118
-65	144	-32
235	143	40
-51	204	-7
-192	234	-137
-76	-210	202
-205	-38	-175
-188	189	75
-240	94	-71
192	-13	-152
-213	-36	133
195	-183	145
51	106	37
243	73	-174
-232	11	-8
-56	-51	-3
-45	160	164
37	-80	187
153	198	-92
71	242	171
45	181	60
-29	164	-184
-24	-139	-43
230	-115	-194
-232	12	197
-161	-134	2
-244	-211	-34
-139	-177	-24
178	-116	100
77	168	-52
94	-230	-24
-215	193	166
-133	-8	-244
-141	-117	-246
30	64	-99
-221	181	148
199	-240	-39
-182	120	166
55	-166	-220
232	186	22
-248	-238	39
241	180	53
187	-225	-161
206	102	-176
237	-194	155
-64	-197	52
-200	-108	-168
166	126	119
-223	-231	-156
-32	223	107
200	102	-14
116	-10	-49
242	-154	75
164	144	82
233	74	40
-156	-210	-180
-110	76	-250
-107	-100	141
33	-123	-205
-182	175	70
-50	170	-39
-220	198	-74
206	-213	-32
157	178	113
-108	-224	-229
6	-245	163
42	-194	199
47	-118	-17
-69	-121	-89
-235	89	104
206	21	43
119	-106	211
-121	17	-240
-49	164	74
17	79	-144
-168	247	-179
-228	233	98
60	171	-85
3	-107	-93
131	-10	15
183	47	-53
-104	-235	-151
19	232	-121
33	35	126
240	-38	-77
197	-213	185
162	-205	-3
-132	-109	74
-17	172	37
204	20	102
162	230	-231
199	155	-202
-193	139	-229
194	-200	17
40	250	-183
231	12	-180
-26	247	34
133	-1	-203
92	-122	-181
190	247	-160
72	46	204
-132	-148	249
-229	8	-58
163	211	108
-3	-8	-61
104	-202	172
59	-84	191
-115	-228	-75
159	-72	-154
-81	167	230
-17	-182	60
-232	48	96
239	-221	-72
-6	51	-52
131	147	-132
219	-55	-143
-40	-224	179
230	-135	-5
31	203	198
-48	243	-161
140	71	-3
163	138	219
-126	2	-249
-28	-83	148
-239	-212	3
97	32	175
94	227	-160
-176	195	-184
119	102	-67
26	-66	193
133	-62	-117
-78	4	-157
169	-241	-170
-87	33	-96
135	75	-237
162	235	-13
209	119	-177
90	-24	-232
4	212	-178
21	250	-51
-209	239	-138
144	226	-48
61	-180	177
189	193	-14
-93	62	-128
-47	-29	-193
-114	-143	185
-63	22	-205
42	3	-86
184	212	189
-16	152	37
168	200	-178
127	-173	-161
225	203	228
-188	191	-58
-135	-17	-65
-207	-143	-100
-23	-121	131
-159	-176	246
233	173	-195
204	183	-214
168	-61	80
226	-217	-194
-149	-58	70
148	-178	228
39	-172	210
190	107	123
93	-99	-33
182	-103	-240
57	-146	111
60	26	-1
-83	-216	-47
22	78	-18
-237	45	76
160	-103	-218
100	-197	231
41	48	-223
7	24	-35
247	65	-193
144	-201	-92
67	-71	-174
55	212	-187
234	54	213
167	-74	-105
-98	-40	96
167	218	138
-229	69	20
104	80	-122
-107	14	-23
-107	-221	208
-19	-76	77
-214	145	161
-52	-164	-86
-122	86	198
63	154	-41
-130	124	-25
-48	-243	-85
215	-28	57
-235	-72	-122
2	29	-73
242	-179	52
207	-183	74
-185	-106	79
-27	141	101
-68	74	-95
68	108	-73
201	81	141
-74	56	138
181	-73	185
-97	-39	-81
-87	246	-55
117	66	-9
-39	164	-185
-220	247	54
-162	124	-64
-189	152	237
-172	-178	168
-60	-223	-172
225	119	233
54	-184	-134
108	115	-101
197	-29	89
123	17	-246
30	236	13
-23	-69	-218
-105	-44	8
-117	-85	144
-229	72	-118
-118	-145	-115
-165	180	-198
26	-190	176
-148	12	-41
-195	169	-10
-37	178	-3
-80	15	-79
238	-39	-138
-168	-194	-99
101	106	-115
-248	-61	-75
-131	56	174
172	6	-61
10	-194	187
-54	3	-203
-65	110	37
-49	-240	69
245	-121	92
-48	189	-61
82	100	216
10	-82	187
-59	-20	-36
214	237	107
-173	90	224
-197	-155	-119
-240	-199	-217
223	-54	-208
245	-144	-186
136	122	-67
-129	-52	-46
132	-204	-182
-36	103	-230
-192	-106	54
-106	-92	-124
63	79	-30
92	207	198
-200	91	181
-89	-26	148
144	-9	-196
246	244	225
-20	-193	8
-45	165	-154
-18	183	-13
-20	-218	175
112	231	-98
-137	-26	141
206	37	22
97	-29	47
-25	-213	89
-53	39	54
-99	-12	86
96	-111	-116
232	-66	156
-150	-199	-63
61	200	-29
175	-200	165
-90	-35	-180
-81	-133	-215
-86	60	-87
-138	-108	183
-71	-147	-233
-55	-247	206
133	32	-239
235	104	210
-55	140	115
21	126	-233
-174	-166	137
-236	-32	-118
124	-114	-240
-90	-240	-130
41	249	-61
164	176	-87
137	40	-18
-141	-138	-10
-120	60	-185
-184	55	-161
166	242	-87
239	-178	-181
-153	-72	81
107	71	111
204	-3	179
26	-163	248
-3	-154	-217
-127	-64	-220
9	83	241
-245	-78	62
-181	216	-220
-217	81	-39
81	141	-13
-220	-107	-71
20	-221	-23
138	75	179
242	-219	87
-228	232	240
228	-1	-195
243	231	142
-228	198	111
-163	46	-81
100	53	-213
177	20	-245
-42	61	-186
220	-54	-194
192	123	44
-5	222	-172
-211	237	234
162	150	-112
94	-53	-241
36	75	-74
199	101	-167
83	-29	214
-117	-146	221
-167	87	-107
-108	-159	-63
127	187	11
-20	-138	108
54	71	-238
-79	216	-67
-174	-230	99
-146	38	23
234	100	-216
-183	-137	239
-151	-239	-4
157	97	106
91	-228	-54
-191	-117	234
76	140	202
102	-211	101
231	84	-120
-102	179	180
39	-233	-179
88	215	26
151	-130	-47
-26	215	-57
98	153	74
89	96	-99
-153	-205	-202
14	-145	110
34	172	60
235	-164	13
174	29	166
-9	-198	-238
191	-139	126
-145	232	193
64	57	174
146	38	-143
94	68	135
-62	218	149
-208	162	-79
160	180	206
197	-151	-108
-26	-55	234
170	-196	-229
-165	-89	159
143	-148	-204
168	177	110
-191	-40	126
-186	-119	206
161	102	-177
93	237	63
6	3	-220
186	-218	-24
72	-78	92
115	-152	-130
207	64	211
63	-115	48
15	-166	-43
12	48	-103
-190	155	-11
-187	188	-195
18	-163	37
64	58	154
-113	-83	100
97	-6	108
-13	69	38
235	-29	-65
-97	228	-80
61	95	17
-123	-99	124
-73	-188	-111
-141	-217	-202
-20	-115	206
29	-222	140
-178	-72	-132
232	185	-209
-229	-231	-113
 
