3	250	1065
248	-72	218
-132	-202	-27
-215	228	-60
42	27	188
-107	121	-61
-241	14	-229
81	186	140
54	55	13
-242	55	84
6	203	-230
-224	112	11
140	149	1
65	-60	-145
-135	164	213
79	-99	-11
56	139	242
-132	231	-210
223	-75	-24
-26	37	-109
47	-84	-50
-188	198	-104
-241	146	-174
-164	1	-7
-133	-144	-196
-192	-178	-35
207	173	-125
-3	93	34
109	-205	-62
25	-72	-220
-207	132	-205
-156	-39	-6
-218	233	-178
3	229	-50
142	-145	50
-32	117	135
117	-221	-40
-16	153	-163
-182	-49	166
209	-58	182
-12	-200	208
-148	-52	-244
117	-190	-82
-216	63	175
167	2	149
-190	-23	-17
-171	66	-5
-93	-119	-117
-51	-113	62
-66	161	107
32	198	139
1	-15	123
183	-21	-243
48	-245	-3
214	-36	-157
187	32	-114
132	80	-223
130	17	172
12	-113	112
-11	185	117
-84	190	-149
-154	-147	-58
-28	-31	-159
-66	-165	87
9	190	-242
-242	-190	-186
-118	-40	-97
-66	-194	-29
198	-209	95
91	144	213
78	-11	-10
213	-18	186
58	-8	-46
17	-179	148
136	-53	-178
-168	-212	207
74	-188	125
-111	-55	74
-95	157	-234
-26	154	-248
149	170	94
212	-171	6
-152	-40	-57
31	40	104
-210	57	26
-89	158	198
1	224	-215
9	-211	-183
12	-217	-168
236	-191	6
-39	-236	-172
-31	-169	-157
139	-184	176
199	10	79
64	110	-250
83	-160	133
188	-176	-220
-60	-59	79
-98	-78	-86
-235	7	-70
131	-159	-100
64	-101	170
178	-4	148
-83	86	105
-129	-247	-54
-138	112	-39
-231	-188	-52
-240	-149	-250
164	-238	75
65	-34	83
249	119	175
-238	-86	40
225	107	35
26	-249	-98
-109	-189	17
226	-38	5
250	-228	-41
74	187	107
-132	75	117
-164	-226	-210
9	-179	167
67	-190	-36
-107	-53	-186
-81	43	-59
-219	186	152
-57	-124	-33
32	204	-163
66	-168	194
235	-212	-147
219	127	-104
225	111	-92
-230	-116	-182
-33	-249	160
-80	235	-2
-145	247	36
216	91	201
-35	-77	150
208	-1	82
-158	57	67
70	-177	-91
-195	-139	-48
179	-230	-221
-161	152	-190
-73	177	223
233	156	181
31	206	-244
-223	29	169
132	18	15
-238	-82	210
-215	203	-201
-1	-57	167
183	106	-45
-214	180	-169
-11	-239	-9
-17	164	-181
179	61	-13
-111	237	2
-58	51	-231
-154	40	-221
140	-27	-83
27	173	203
-186	128	244
-238	91	-132
-200	-221	-199
-89	23	-235
65	-120	-151
25	96	46
-99	-21	-170
139	188	207
45	197	-112
-8	-182	-75
77	-224	79
201	89	132
106	207	-59
152	88	-112
218	125	162
26	-110	84
216	183	-163
217	-158	-187
191	-123	-68
-32	-104	60
-53	171	-203
210	241	-117
102	54	77
18	20	169
20	103	158
172	-98	-224
-59	193	239
-94	-166	-130
-216	222	229
190	-76	-153
150	-75	46
123	-8	222
187	-26	-202
26	161	-127
-54	235	-9
-155	232	-238
-229	228	-194
-237	26	151
-93	118	7
-153	-176	37
74	-36	-99
-247	-215	181
-65	151	-45
62	-181	4
-120	-54	-50
24	38	-217
77	94	167
27	98	233
-207	-125	-2
-85	-62	-206
66	241	207
-235	-190	-149
-233	223	30
36	-250	-218
-190	-44	-223
65	245	181
-76	-12	-234
-156	146	-154
-29	-147	-196
-157	124	-199
-69	83	-122
44	-179	159
208	-59	218
58	22	-226
159	176	34
235	123	-135
-4	167	-163
152	127	201
70	-142	-5
231	-86	-197
-73	-12	133
181	-51	37
77	-146	232
57	228	-244
-225	32	-239
170	191	140
-173	-50	75
63	-219	214
-146	53	-100
43	88	181
159	-178	241
-72	153	158
-215	-174	19
-51	114	-68
-49	45	18
29	234	-205
127	-103	-87
85	-213	120
-118	191	-200
-116	139	247
160	-146	55
-49	41	-189
-81	160	150
-38	130	231
-190	179	210
8	222	-223
148	134	177
-23	99	-161
-212	87	52
-14	-13	45
51	206	-79
160	166	48
-89	-25	-164
-172	158	49
-90	115	135
241	-139	39
233	-71	-221
95	-245	-247
222	-166	-101
143	229	-66
-111	-104	-42
-205	-156	-23
-148	31	-175
-87	10	-85
-139	-172	203
-108	-60	169
101	163	-248
-54	-236	213
-147	-216	12
-205	-42	-213
-222	103	-221
-232	-102	-91
162	29	164
-126	-153	-9
-178	-88	-203
52	215	51
202	88	-153
-221	228	-156
-177	228	-64
97	-42	35
248	234	243
99	209	186
128	221	230
194	-32	-59
-206	63	-215
18	-109	-131
108	5	95
45	-132	-67
-106	108	-203
88	71	231
199	78	201
216	-195	111
-156	33	-247
143	162	-19
-13	-165	206
85	-166	-93
142	211	125
118	-177	-144
25	-40	-113
-177	-147	103
-147	225	-235
169	-152	-190
155	-22	137
249	-160	-74
-50	129	-105
-223	-157	-220
-187	65	132
-87	11	-58
7	-58	104
-39	219	-184
139	93	-100
-87	237	-60
4	-199	-177
6	179	-44
164	-48	181
-41	-79	-145
-136	-23	181
111	245	-242
23	-62	92
-29	-84	148
-10	223	167
98	-249	126
71	54	-111
225	-113	-228
167	-207	-232
153	175	-135
173	-176	-246
164	24	242
-191	-60	195
66	42	-81
210	8	-170
93	250	-175
27	-210	-151
101	174	-45
-169	-158	212
-245	164	-76
163	-101	-152
214	-216	-158
-100	-85	-66
66	49	65
-95	-42	-182
-73	-118	-40
172	168	-193
222	133	-12
194	93	-189
-26	-214	-28
-147	-206	101
164	-102	222
34	-153	-137
186	-134	6
-110	167	-89
-120	-20	179
-24	-120	-210
-250	10	-44
50	239	117
181	223	175
-242	-230	67
-28	-223	142
-129	218	-127
156	-155	170
-30	-141	5
2	151	95
-91	98	-16
-99	-212	202
156	40	-211
107	92	-61
226	47	-121
-114	-205	38
113	36	-84
120	-167	7
1	-98	-160
-31	185	2
-92	-118	71
2	-109	43
52	43	-220
127	-124	58
-242	215	-202
-110	208	74
-188	-88	180
34	225	146
214	-160	142
-38	-189	-40
195	-41	-112
90	-159	-37
121	-173	-184
-35	-139	126
2	-198	-10
196	-131	-232
6	239	-111
-2	-129	172
151	180	-237
98	-108	94
49	-94	160
233	-157	48
93	-200	184
112	34	8
244	157	220
116	63	211
-85	-76	-17
188	12	165
-200	-138	-83
70	229	49
158	-181	-126
-230	-42	-45
-212	-112	225
175	-183	138
-148	-210	-101
-9	157	97
-103	-4	95
110	212	130
-85	12	-46
-95	167	-145
-112	122	50
12	108	78
124	-115	-38
-117	34	-138
-98	101	-73
-135	159	57
8	-129	-170
-162	109	-38
-75	-229	20
-118	-239	-126
-126	115	-80
-244	-56	75
87	-51	168
-110	75	-8
154	153	138
200	-218	233
226	144	-86
110	142	27
56	125	-101
213	-157	-39
-218	-135	-100
230	-139	-143
41	48	90
-93	-130	-230
79	155	139
250	-223	208
-99	-152	-10
189	7	246
134	165	-200
-95	186	47
57	-52	-24
-136	-249	97
93	-179	-69
159	-90	-56
1	48	-98
99	88	202
-69	-238	102
228	225	-19
-188	223	65
156	-81	65
154	227	183
208	168	-22
-149	61	-128
-143	45	-164
225	-194	-75
134	-101	179
101	-163	196
-25	121	-89
94	-181	240
1	-114	-221
-28	36	-18
-235	203	136
208	100	228
-241	96	196
-8	-103	197
-146	-206	-135
138	147	190
131	34	115
123	71	213
152	59	168
197	183	-52
69	234	-109
-24	-137	219
-5	-117	-120
-31	-86	230
44	-131	199
-58	30	29
102	-62	-173
-119	-203	-34
-160	-200	-55
155	192	119
-149	93	-110
-213	-111	-210
53	49	111
55	197	-230
-97	240	69
-45	-242	-198
53	132	-67
170	-69	46
61	209	29
-168	-164	-104
90	174	189
244	-131	239
56	63	-74
-183	-154	187
-76	111	167
127	-187	219
-172	217	177
-165	-82	-133
-217	115	130
156	153	184
118	209	-217
133	196	-157
129	21	-13
237	-225	-60
188	34	39
152	224	79
-58	193	-48
-146	-130	-174
-104	-127	157
49	181	-67
207	203	-147
-138	129	-149
90	-238	-30
196	-250	47
-137	210	220
127	3	224
-230	176	173
28	-201	-3
228	160	149
64	149	20
54	228	68
-72	230	-32
10	-136	94
161	-172	-218
-120	10	-128
205	97	-207
-129	-196	187
-53	-199	180
-205	-122	-45
152	-50	250
-8	-143	138
171	-43	-207
152	-5	95
-204	106	177
-238	-179	156
-29	-216	-237
-177	-101	-195
29	-109	152
178	-144	-158
210	130	113
-210	145	-36
97	237	66
188	148	132
142	198	216
233	-11	237
-166	86	248
-166	-129	-45
-4	-107	62
-208	-87	30
31	-119	-91
121	130	53
-176	-247	-212
-135	232	-239
28	-76	-21
-138	30	-24
-196	168	-118
82	-212	-196
-175	67	156
97	41	99
23	-235	-127
-34	-158	-91
100	237	89
219	205	88
-148	214	-140
-93	-103	-221
-143	183	-91
-111	-184	233
220	198	217
157	-219	-48
33	57	-231
187	-169	-62
23	-14	79
-17	-182	4
68	-146	43
-244	-224	65
-104	-164	-10
-61	-213	-175
-195	-235	69
23	-35	-203
-73	144	118
-228	-222	-8
149	198	-161
211	-31	113
87	2	115
184	141	159
-146	-5	-248
102	-140	-82
141	-173	-198
-83	40	-178
212	13	-135
-146	210	-167
28	-215	47
-27	117	-182
150	-202	174
-72	-111	15
119	126	-39
-192	-47	117
-247	-183	211
-64	-56	-32
239	-204	41
83	29	-148
-24	-5	214
-234	-240	-52
25	-232	-13
237	-207	100
-49	-43	39
113	188	107
-196	62	90
-205	30	-241
-114	73	165
222	149	168
-112	208	19
-68	-229	-157
-166	-181	191
114	-12	-99
154	-196	-98
-152	67	-150
-15	103	-161
83	175	-67
-51	-194	-227
-98	-126	146
137	97	-168
-218	-32	55
15	36	240
47	110	-14
224	106	111
-219	-186	-153
-89	189	-201
-208	-83	-189
17	-211	108
-16	208	221
182	-45	-207
-3	-19	-117
107	120	-16
-43	83	140
-16	128	-81
-7	185	-201
140	-21	151
-189	-81	-182
134	169	-81
-147	84	71
134	76	8
216	-178	46
179	122	-101
-108	-210	-145
-131	130	47
25	240	-192
58	-40	157
-124	-84	212
201	-52	-248
58	120	-110
-220	-96	205
140	186	-68
137	-163	57
-135	-88	52
-112	239	-161
-187	-62	-78
-169	-112	-141
209	-45	-93
17	-27	-67
109	-21	238
1	178	142
-33	-237	-225
-104	-182	178
-177	214	97
-242	-140	26
-60	-160	195
64	-21	-250
171	-48	155
168	-171	66
20	-156	-237
63	-194	56
20	-207	63
-242	166	54
248	-182	-219
-160	215	-37
43	72	116
-141	98	-216
210	108	-126
62	1	72
-162	223	-232
-120	162	-64
-244	151	240
171	64	-214
187	-140	217
24	82	2
247	-150	34
-202	129	194
47	9	-112
-227	-242	-79
-222	22	80
-95	24	-9
172	-35	21
163	23	-118
214	-10	-164
41	-174	-184
-230	243	235
-131	-42	103
-11	69	-101
-50	56	142
125	139	-18
19	-239	158
-71	107	-70
1	-19	-46
-234	-196	194
-220	34	-180
152	111	-177
-88	184	10
-134	-107	-36
67	191	127
-52	37	-69
170	-176	-21
249	-73	-68
26	114	-30
243	109	-178
-155	-170	31
-135	-71	-229
39	-165	35
29	199	-128
-45	2	-29
-216	-26	-67
50	134	-38
241	-77	119
-40	211	-240
88	63	250
13	-250	-146
46	45	28
-36	63	143
-195	129	36
-183	-134	-117
-53	12	-150
93	-135	190
187	-3	-75
-154	101	41
243	-217	-220
-9	-201	231
-54	242	-205
5	-49	174
242	-31	-180
120	213	180
58	-80	-28
108	42	168
-234	39	-79
-236	-111	-237
129	12	-169
-136	-159	69
90	55	-98
37	101	171
72	-244	149
-15	37	-53
-172	-230	62
-47	-233	-63
-26	-27	31
-235	213	-31
-175	-35	226
-131	-139	-50
202	177	-175
-194	97	190
11	-28	44
-230	87	99
26	-195	205
-19	89	10
107	46	-177
-128	31	-247
235	52	244
149	33	-2
-186	126	228
-25	-176	-126
-170	100	-175
74	6	48
-124	237	-87
-14	-24	-70
-71	-244	64
91	115	-135
12	-104	-162
-114	-44	236
-144	-182	98
-102	-244	61
201	29	-120
-241	55	-3
-152	-227	-215
212	70	-65
-126	134	-231
192	249	-198
-210	-75	-46
134	129	136
232	227	-132
34	162	48
-184	39	-95
-122	60	-4
-76	155	109
-24	235	-100
70	64	-47
213	-11	184
-236	-13	92
219	-5	18
201	-241	5
-186	215	-99
127	44	188
-92	86	91
46	44	-25
84	71	-232
-123	57	-93
147	-165	218
163	-66	-154
24	45	-21
40	191	212
-150	151	-139
-165	19	92
200	15	-131
81	41	174
-242	-130	223
-35	50	152
-101	206	-41
-8	-38	-158
-18	221	216
-224	62	185
197	-49	-135
-121	73	-132
-55	-24	-7
137	181	-118
158	95	250
177	238	63
236	207	108
87	-173	147
241	22	239
46	31	-206
60	49	234
158	-95	-25
139	-49	-65
95	-133	221
-194	36	-125
-145	142	-45
-197	-172	-249
-113	76	-10
127	206	34
191	-232	-60
62	-26	32
10	100	-217
-218	183	230
-128	237	46
-186	24	-66
-136	150	221
-213	15	224
84	-240	226
-154	95	-72
34	-192	179
45	-72	-167
140	-201	-186
-156	214	-198
216	-180	9
193	163	-207
138	56	-214
-225	210	154
119	228	248
-231	74	204
-5	-54	245
103	63	-62
-19	91	-92
-206	-121	-142
-226	-168	-74
12	162	-239
12	225	226
204	-60	-183
210	-188	-54
-100	116	158
108	56	226
-10	-73	72
77	-99	-173
-193	-104	-92
-237	-54	-97
-209	-84	198
32	-189	-82
-217	250	-75
-44	-200	73
-118	183	80
106	-35	139
-62	1	-6
-119	-70	-179
-163	-3	137
11	-6	15
146	-76	126
101	190	-96
-36	-201	-19
151	56	230
-120	-52	123
225	37	169
195	171	236
239	63	-19
-233	-178	218
-80	-84	-59
-45	191	237
-10	235	227
64	13	66
-244	-2	-20
220	-43	67
-229	41	224
-21	13	249
1	-72	35
-159	147	55
-162	78	61
-11	84	97
-249	68	112
19	-65	192
-106	-40	242
-178	129	177
-44	118	-115
239	100	230
-221	-116	-110
-7	-25	-30
98	112	-126
-56	144	-101
82	22	-52
-106	94	-14
-205	13	-206
231	-109	3
-89	187	245
-142	-188	-49
92	105	15
-36	24	33
-133	238	152
-236	183	220
8	-13	15
-229	-47	-118
14	-187	-210
-90	-61	204
-24	-181	231
70	-170	116
-97	-205	118
150	211	-206
76	96	-196
76	109	-71
159	172	-151
-95	102	81
-231	216	-239
71	-150	-90
-156	5	-34
208	-219	58
236	87	-165
95	-29	196
-77	35	170
-92	-205	-103
12	-139	131
133	232	210
-28	-142	-36
-244	-51	35
12	-58	-39
-26	194	108
-30	-145	-86
247	-220	-25
32	187	49
-151	-112	73
159	-1	-200
-121	-188	108
90	-173	-19
-113	237	-147
178	-203	109
-6	51	-84
168	-187	179
74	233	-28
-52	210	220
196	49	226
-137	55	-168
-212	-177	171
245	24	-46
-6	167	-101
-248	62	20
91	-2	-123
-242	183	58
225	67	-33
163	95	-65
235	67	242
-73	-131	109
-77	130	13
-144	17	-153
-74	-199	-86
69	-197	223
167	-24	143
105	-46	-161
203	-74	218
-96	-74	-203
88	30	111
-72	7	86
-246	136	100
107	206	104
79	156	-176
197	-174	167
-119	56	12
8	-15	-179
137	-27	241
-180	-102	-19
-157	112	73
82	-151	-90
-43	185	-61
37	-132	129
-120	162	176
44	-29	226
194	75	-222
-166	153	-77
219	89	63
171	234	206
-210	166	107
-6	224	174
-119	-173	-185
-127	-118	-75
-234	-135	174
18	191	-210
-223	131	-215
179	-226	144
-101	-47	160
116	-220	-8
83	177	179
-33	-23	184
218	-98	-17
153	-63	-234
-186	-103	189
182	224	24
164	48	97
-139	12	113
92	25	137
-44	-22	227
80	147	91
178	171	-155
-39	158	210
226	-154	-106
-236	22	-215
-80	-84	76
-27	-115	3
129	177	-178
169	-53	144
-217	150	-144
-111	192	-231
18	138	-33
-42	197	-96
209	-204	-227
224	-195	-41
-14	-237	-94
-163	-190	-92
-115	-1	-107
134	179	94
1	5	-16
194	-136	128
242	-43	-239
244	101	-200
240	195	-99
-155	55	135
-62	40	141
-239	-68	63
176	-145	-151
-44	235	-156
-22	-223	14
161	-205	-149
 
