3	250	1065
-187	71	15
103	-150	179
-23	199	67
69	-211	27
-177	-114	-39
-235	157	24
-36	-227	-7
236	-6	152
-168	241	-231
36	33	58
28	-240	183
-159	-25	35
118	224	-22
40	-193	184
214	-173	72
-47	25	67
37	-234	81
88	16	43
-52	76	-12
25	59	70
-173	126	-91
-46	-143	150
-196	-51	63
57	-211	174
216	222	-78
-102	-241	-33
108	-26	-30
54	97	-44
-215	-142	163
-157	-175	-81
-141	61	139
60	110	145
-83	171	-143
-78	-2	120
-99	47	-3
-78	171	22
-85	-153	-134
-25	-74	-170
146	26	209
94	115	-145
57	122	-95
-103	-173	90
-236	177	155
112	240	-129
168	-99	9
237	1	175
19	-181	185
189	152	13
196	-169	97
-220	-156	-200
-32	205	-144
-218	-54	154
239	-100	221
-108	-138	-195
55	-183	89
148	-192	11
-14	116	100
-236	7	109
-234	114	-189
-111	-122	-83
7	24	185
-64	-78	-198
172	-230	-221
82	170	-92
171	-209	-31
-247	-165	-181
-15	-246	73
-177	80	-47
-126	-191	-152
-126	-131	208
-63	132	-31
237	77	208
-126	215	195
155	-238	-245
56	-79	-87
-129	47	-102
122	26	242
-194	-211	245
-192	39	94
-142	-151	126
199	-44	-157
-215	-74	222
-235	-97	-18
-85	177	189
225	-6	185
211	-182	142
62	-197	169
90	137	-169
-8	-201	-80
-231	-104	-198
-14	164	113
-250	92	-42
-240	215	-80
-61	79	147
83	-6	129
211	184	246
-169	89	-118
-153	-247	207
179	215	-107
-100	-187	138
59	-177	241
-80	-169	-198
31	172	-146
191	-40	-31
115	80	51
-151	-222	-99
-35	140	97
171	47	194
241	1	-58
-184	-130	30
-92	121	46
-118	110	-156
-237	12	220
199	69	30
-207	23	-175
61	98	16
123	155	201
-202	106	-54
-200	234	229
-196	63	198
242	-167	-108
-220	-108	-149
200	83	244
70	102	75
72	-36	-176
-111	209	161
167	26	-222
-6	223	-31
-123	-162	1
-61	32	128
-232	-162	53
-6	47	-133
-175	118	-129
105	-239	133
196	-247	-125
-167	215	-87
-77	112	14
-116	-13	242
215	-73	96
191	-123	28
241	113	226
44	159	194
-182	-233	44
-31	192	85
-157	230	135
-195	35	193
-2	-155	183
227	142	34
33	-96	-201
129	128	219
93	-7	-49
-60	180	64
43	102	-167
85	155	76
-26	-150	-175
8	5	-243
216	99	-100
-54	-133	-75
201	44	101
-73	105	-21
-233	-106	-187
-146	-127	-75
219	-210	48
240	-129	-50
-212	-227	232
164	-207	187
-76	79	-225
65	43	90
-118	-76	147
45	126	28
107	22	-209
141	197	220
247	161	-86
105	141	-247
52	-102	-38
81	235	166
-180	169	234
193	31	241
-200	-222	-153
-107	24	-62
-39	-183	-175
-241	151	-122
53	242	188
-56	-219	-26
-169	21	-231
-203	56	96
146	-177	170
-172	-218	13
-20	205	93
-147	139	-110
-48	-5	38
191	-56	-241
-186	96	-185
15	80	-125
196	205	-132
39	129	189
-141	212	154
98	-6	-174
202	218	64
-70	21	-76
135	-115	37
172	-81	19
153	59	96
61	42	17
245	-189	-111
229	25	-51
72	19	71
180	247	-91
74	134	222
182	2	-28
229	51	192
20	-138	-58
-123	-158	-148
143	7	104
-205	29	-113
150	49	237
-130	-98	-190
-87	62	75
205	168	14
169	-236	-140
-217	-118	9
-5	88	184
111	-184	-185
49	-125	206
25	143	-206
-22	-228	174
-229	23	194
-33	157	-250
159	-49	-82
-180	-131	136
-7	-219	-225
-210	-178	-132
131	-243	200
153	85	-21
218	248	142
-243	-235	-15
-155	-76	166
141	-121	177
-123	-62	-190
-43	-112	-201
45	123	-190
-1	-4	-209
-212	-42	-69
-244	-4	-39
137	189	-45
-42	-167	-48
114	-226	151
20	-104	-93
65	-236	228
37	-55	-63
6	-183	103
200	26	-54
-152	-118	50
-218	21	-27
-70	-161	-250
-68	247	-74
248	250	13
247	-1	-228
87	-212	203
59	227	-237
200	176	225
10	-93	24
132	-141	125
-43	-23	-81
72	195	214
37	-202	248
35	235	186
183	-138	-220
176	40	178
-245	-108	8
31	-203	-212
122	248	-171
137	239	65
-12	-222	-102
3	-223	-244
-20	-212	112
167	-112	-72
14	-56	-117
-140	173	135
128	114	86
-31	143	-228
217	-40	-80
167	-140	-54
197	107	-138
193	225	-112
45	126	-128
241	235	-40
69	-189	56
-87	-169	-129
223	-192	201
-70	15	-172
-197	28	-174
-152	166	135
230	125	25
85	-71	-216
80	-225	-200
191	118	15
-59	-6	28
49	193	190
98	-136	109
-249	1	-239
-185	192	-28
62	113	137
155	-105	42
-132	26	-229
-4	87	-149
-153	-220	-92
-61	230	9
46	223	169
-180	-198	-123
-56	-191	48
-105	85	-52
92	76	200
165	-69	241
181	-84	-5
15	47	132
-145	105	-148
167	-143	238
-135	-158	-79
-183	-172	67
128	240	105
-72	-197	210
133	-60	-153
-130	-61	53
191	119	-216
-66	-182	-180
-25	-12	178
-245	-114	131
43	114	118
140	13	-172
-46	86	158
-205	29	109
203	-8	-204
139	197	51
-59	182	-134
207	82	-239
211	-12	23
160	-96	-43
52	67	-144
224	132	-119
-11	-68	238
244	-142	-55
51	-122	-44
-41	-37	38
-121	-111	242
-145	-229	172
-175	-222	-244
-178	-39	77
-193	173	-98
91	-228	96
186	-112	43
-209	-168	-243
-158	74	-19
-45	-237	-73
-127	-57	158
35	-75	-236
98	139	146
71	-248	-116
240	-26	147
-243	43	171
25	-50	134
-239	225	203
176	-136	41
202	215	-48
-212	-21	7
191	-196	-71
138	194	-172
-133	3	123
-195	245	62
-206	-54	110
234	-126	-225
-1	-87	-125
159	-58	-205
-129	-176	243
-30	124	138
-169	69	-199
-75	124	-234
150	-206	-218
102	115	124
178	-85	165
139	143	-70
-235	111	66
128	209	67
-43	164	-168
208	185	58
-123	-139	-175
-134	-211	-73
-61	-57	-90
181	195	66
-72	-70	8
161	64	147
47	138	83
1	147	-69
243	205	166
-132	124	97
147	-163	101
-166	-45	243
10	164	-225
-50	246	203
243	186	-128
-126	221	43
81	-179	-85
-151	186	-162
124	64	-161
-80	21	-151
-88	-235	-195
171	41	137
-3	-15	249
-79	13	77
204	-168	-126
79	213	-219
232	14	220
-181	-21	-98
193	14	250
-123	207	-5
-233	-139	-94
130	144	-199
182	193	-238
15	64	-186
102	-205	-145
237	-186	94
-16	15	-149
-182	45	-103
92	88	39
216	204	76
-65	-47	214
163	142	-114
222	-37	22
50	47	183
208	-39	238
61	212	-94
-123	32	-112
-214	-65	-4
79	189	5
46	234	117
-81	77	227
145	-224	-127
-223	-174	-35
-185	-237	-112
-18	44	-121
148	158	213
219	-228	-37
66	-207	171
-24	117	66
-23	-73	-107
-29	-105	-92
55	198	-152
88	-109	92
-87	232	-141
215	138	-20
6	59	81
-21	-104	7
-58	33	158
174	128	-97
11	245	-101
7	-71	-190
-146	188	93
202	168	70
224	240	238
-33	66	12
-14	-103	149
192	-86	3
-71	189	30
-1	22	-87
6	125	206
-95	-22	154
59	-166	-179
-174	-21	-104
-50	-162	173
-27	-157	-138
-33	19	-167
-30	-71	57
-123	56	-27
128	-59	100
-64	-222	157
97	-236	101
-154	-202	183
-216	32	-120
180	-136	-188
-30	-249	104
18	47	-43
-230	-213	166
226	-138	107
-224	60	-1
-43	119	-185
-203	-73	-181
209	171	203
199	-58	-12
-170	126	201
106	-79	-159
176	-177	-37
97	129	-147
-173	202	-37
76	177	64
-67	-202	-177
-188	168	-77
201	-121	-126
77	92	81
51	-102	14
-213	-194	61
40	106	-221
-114	-30	115
-119	204	-125
37	-118	-1
-160	195	-73
-24	-124	-96
240	104	205
138	-213	37
-163	-199	-220
42	-159	-146
-104	-154	102
125	-138	196
-162	-129	-2
51	-54	112
222	8	-20
-96	-226	-52
-40	-50	87
25	-41	207
189	39	152
-161	-31	-126
-79	-244	-223
-80	-230	196
-244	239	115
-49	203	-142
-68	164	-232
-190	172	123
60	131	44
-80	-40	246
-47	-40	-213
140	-57	-129
1	190	-143
-187	-162	74
-238	-247	-160
-244	-237	-190
171	-65	-236
-20	187	175
-105	-247	189
-48	-215	101
107	-191	-28
-225	66	-18
195	133	-140
146	150	-197
189	125	138
80	-188	-25
61	-208	236
-33	-112	233
122	-126	177
-242	-149	-129
-214	18	-148
-159	186	89
-245	-47	117
-5	-91	-223
184	151	80
-22	-244	-34
-50	141	95
144	30	155
106	-12	214
10	-126	24
-107	-210	47
-49	179	-169
-2	-211	-235
-30	-76	-3
-116	164	70
-192	-110	217
-16	-49	23
140	193	50
116	129	-95
-62	-237	-162
139	68	24
-199	71	72
62	146	206
-130	135	183
-223	-65	-41
50	-84	234
-97	137	109
-182	170	11
192	-160	-165
-178	-108	-232
135	42	-11
156	-213	-86
-130	-63	-114
169	142	-54
-250	-194	46
-159	-47	-80
-118	71	157
148	215	100
-156	23	-190
148	106	-193
-245	106	60
-31	-90	-160
-132	-140	47
49	16	-35
157	227	-138
-80	-59	54
143	-3	164
249	119	-227
-141	61	236
165	226	-84
1	154	-206
127	-185	-181
128	236	36
74	171	-109
-166	11	-154
146	64	-133
-29	244	109
-127	161	81
211	-89	-31
-248	63	-137
130	208	-13
187	88	-122
-141	174	66
82	46	169
239	112	-129
74	-143	-148
214	-91	45
241	-26	15
136	-78	146
-120	179	-122
188	-126	-27
42	175	-21
-178	1	-182
-43	-193	-6
198	115	-124
-204	-51	52
-162	178	-187
88	-192	198
197	-176	-203
-61	-57	-23
84	220	250
-225	33	-199
244	238	93
-210	-48	-44
61	222	-42
31	-185	181
-44	-224	69
-138	-124	-103
78	97	-22
-106	-69	154
109	-183	-191
-75	-7	162
9	136	165
86	194	-148
-40	169	-225
-199	-174	59
-78	-38	30
-30	190	164
-246	-137	223
49	-33	206
-150	174	-195
232	-139	-195
-39	158	66
-232	-98	-4
-241	40	29
-217	-213	-178
69	-153	129
-140	-203	163
73	136	113
73	81	-142
106	-244	167
-22	-223	-241
156	125	107
-83	-153	-147
-48	-51	68
143	7	-88
-148	-61	-215
-43	-116	-75
160	-17	58
43	-9	-86
204	-90	243
-33	-47	93
198	-228	170
-178	37	120
20	-136	90
92	-199	127
-117	24	72
-13	-218	233
-35	-167	-146
235	171	123
-112	-117	67
13	67	81
90	-38	69
182	-3	-226
-65	-142	47
56	77	-189
180	-78	-207
-111	1	-20
-237	5	-242
-89	146	39
-208	138	-82
-37	-190	-223
-225	-59	-135
-233	-224	212
-121	-25	188
-165	117	-159
142	50	108
-248	17	115
90	-243	76
95	-87	-36
-53	-161	62
-131	-48	-124
-45	160	-182
11	-132	-184
-97	28	-237
-77	113	143
213	-205	97
-2	-237	-168
126	-156	91
-209	-89	53
177	-47	226
-119	-146	-4
-223	-234	183
-99	42	-234
215	60	64
129	181	80
-154	119	-159
104	-57	124
115	-45	-83
-73	-199	-243
-170	-95	-178
-12	102	-47
-62	-112	-187
226	12	-178
-242	183	112
-232	-238	172
-88	-249	-221
-16	-230	-90
86	-142	249
176	-192	41
115	159	98
156	82	126
55	-231	-194
93	-37	180
32	178	-79
-184	13	36
125	236	-201
105	80	181
-229	179	113
197	-65	-27
-214	68	-145
118	-162	-210
-19	17	-65
-25	-43	80
237	-148	179
145	-136	-130
-14	2	-78
208	88	6
174	-61	113
117	-184	-211
-107	-92	-18
-152	144	-154
-218	74	60
-43	20	156
-219	-139	-38
61	41	-76
-231	-179	-99
-107	125	-39
-11	142	-154
20	-15	-65
41	5	40
-73	-64	-245
-137	-55	27
-59	-232	16
-139	-168	77
-202	-15	25
57	-205	172
-202	-12	-174
103	-245	126
181	96	-191
28	-249	180
159	46	-15
200	48	152
-18	-129	83
166	-178	-135
-21	213	-182
11	173	216
165	203	-110
-154	-94	15
-26	152	190
93	-29	87
-195	238	23
223	-178	228
-218	-149	-147
-245	161	35
-58	-164	71
245	132	37
43	15	-227
-73	65	120
-102	-41	-164
-178	-33	148
47	-171	217
133	-230	24
-80	73	-184
203	143	-21
-101	-207	-27
83	2	125
58	217	42
-201	156	-114
-115	-57	48
-130	23	-33
-110	-103	238
46	210	40
-129	-241	-21
-148	240	183
22	-5	-128
41	20	-1
-101	-49	-112
6	15	144
152	156	-8
189	-123	137
-215	-217	68
-118	-97	120
132	243	21
44	171	184
184	193	157
-118	-224	50
-7	58	-142
-132	-169	-121
180	237	60
147	222	6
-137	161	-239
232	-102	235
1	109	-191
11	191	-121
-133	200	-131
-153	139	-84
69	-56	31
75	180	-117
149	-61	69
179	-13	72
233	-54	214
245	14	94
-33	-142	202
28	56	-64
218	5	207
113	47	161
-115	-107	-120
-231	164	-78
-185	-92	39
-191	-155	-118
-4	-57	228
-21	-247	196
-76	185	240
-136	52	145
-38	-240	-237
87	141	236
153	-75	115
-174	-40	4
217	77	-173
-193	-39	211
108	30	237
212	246	116
-145	-17	119
-20	147	-137
163	-200	176
-220	236	-148
247	40	236
192	-11	96
121	180	-172
144	-34	129
188	126	242
76	-78	-110
-141	-131	-236
-12	61	-75
-113	212	-230
-247	218	11
-57	-129	169
-142	80	-239
23	78	241
43	123	19
-157	109	17
-9	153	-198
35	210	218
-202	-109	111
250	249	243
68	177	214
155	103	212
240	64	-207
-39	-185	-100
-230	-139	213
-66	-85	32
-55	31	52
146	-124	-71
-92	-249	-81
162	-209	110
-193	-22	103
65	-226	62
199	-27	-246
-166	-221	-205
217	-74	142
-94	142	120
226	181	-17
-160	246	176
111	-180	-25
-249	-142	-12
239	61	-102
-149	232	-147
-64	178	-190
44	194	134
5	-8	-201
226	-136	-229
-44	142	-216
135	121	-163
-28	-153	-188
-219	-225	204
87	217	-238
50	87	-123
-250	-161	-50
157	-11	61
-41	140	-6
97	-146	214
-65	11	93
-117	-27	30
-75	-95	-25
-166	-230	-86
-169	-71	40
-138	-220	12
-100	-23	64
-144	-13	97
-114	-63	-16
-93	153	-62
-132	-172	186
-181	-2	115
247	-25	-65
-130	55	25
-136	-96	-161
164	109	115
192	-183	-18
-109	174	173
-136	147	-170
168	178	-19
-21	-38	105
-152	-78	-39
-68	-243	-140
105	-51	54
-197	-128	-24
211	226	186
-171	-13	150
176	-250	-26
221	95	-243
-120	66	81
-41	241	11
-48	-227	134
231	-112	65
-199	-147	150
-144	-40	83
9	-223	-104
141	-246	136
-90	-175	183
210	129	-5
-127	-213	-215
-73	-195	119
-85	-104	62
-41	218	180
81	-82	239
-10	66	-20
-120	97	150
55	107	216
122	117	-61
-161	170	-13
-207	-14	19
181	108	-140
-193	150	19
1	-138	211
243	-100	-220
-208	-205	-238
-19	-112	-82
69	134	77
-181	42	-231
-191	95	19
134	58	-222
-95	-52	-13
-103	28	-88
22	-46	171
-172	128	-117
-207	172	24
81	137	108
-47	166	-94
-14	116	-4
206	-40	69
39	187	27
-119	195	205
-42	-85	183
94	-233	144
37	-121	51
-211	232	217
57	-161	26
-29	178	149
-239	157	100
-143	-40	137
-223	106	61
21	-150	-14
110	-190	-79
-125	139	48
-240	163	-90
205	79	-90
-118	39	-83
32	-194	183
1	77	-222
-98	-41	155
172	-121	90
196	-4	-146
-22	168	-174
36	28	202
-249	174	-44
164	34	-81
111	241	220
-236	-40	22
-35	29	-77
240	-35	-77
243	103	222
39	-216	7
-114	208	64
184	-152	85
-163	-128	155
-177	-153	196
-165	15	-16
196	136	195
-66	-204	213
-21	126	-228
-19	-42	41
15	104	31
-18	-220	-189
-24	-46	-163
87	-218	2
-203	-162	159
10	-141	-201
94	-189	-196
-241	-175	-221
29	248	134
148	15	189
153	19	204
80	-153	-63
-199	175	138
-86	-107	46
-245	35	-122
-247	243	-150
-75	-177	111
-101	150	219
37	154	153
189	117	-74
191	-46	157
-48	-72	-180
-202	60	30
217	-84	2
-159	-104	241
147	-104	86
-58	-241	153
-118	101	-172
-246	238	-53
122	-16	-71
-152	-144	88
-69	-5	-21
84	110	20
224	-2	-29
244	-121	-151
-49	134	-42
-166	-189	-244
-106	-244	95
-167	-221	103
-81	241	-222
-129	-104	-87
-160	155	146
-139	197	50
-84	-240	18
37	-16	5
 
