3	250	1065
242	-144	-183
-238	140	-202
1	-33	68
-140	80	170
-153	62	20
167	61	-201
-3	-52	57
-165	-182	99
-72	-88	-153
-111	124	18
-188	4	-148
56	106	-14
178	-226	128
99	30	-163
-208	132	7
-62	200	-97
-171	144	56
130	-183	92
-82	58	79
-128	-17	-231
227	54	192
24	183	-174
197	247	111
-88	85	-127
-16	207	-202
-239	-67	246
-210	-165	191
-62	-190	55
242	-66	-143
54	-248	178
-198	-233	-85
-201	123	-140
200	-67	74
-62	230	117
176	-151	95
-121	103	-71
180	-247	106
202	88	-177
-76	154	-144
-40	-34	142
223	-6	-149
-26	-140	191
-242	-160	167
-82	-10	162
217	241	-53
154	-97	-195
-246	166	44
-14	-38	160
189	37	103
-120	229	-44
111	240	-15
209	-37	69
-3	-237	152
7	-105	-144
-163	-75	-134
-124	-108	210
42	121	37
-226	126	-246
-234	-45	-17
-33	65	46
137	145	151
-96	-74	184
-142	160	-182
49	-21	-15
37	181	233
125	234	-148
87	174	-3
77	198	-97
-229	-133	154
-161	234	232
147	-190	-63
-223	51	65
163	-147	-68
142	-134	-35
96	-38	216
-157	78	-220
-110	94	235
45	-232	203
15	-131	242
-30	22	156
-26	-7	165
-179	86	-129
-219	-55	-180
29	-182	-50
138	10	246
131	30	102
-80	204	-162
157	86	-226
5	34	74
29	-191	63
-120	-115	97
-47	-239	-75
130	-103	27
248	-193	66
-125	25	60
5	-169	159
222	-186	56
237	-23	105
45	-125	-236
230	70	7
-84	12	225
59	-84	-49
-116	214	220
173	-215	-249
14	-231	237
-137	249	-17
187	194	178
-166	188	-83
-148	239	139
127	35	29
-156	224	14
-52	38	-68
-98	-3	-77
-104	-35	-130
40	-58	187
84	-76	247
221	49	-136
177	126	225
146	-159	148
177	190	136
-136	-91	-131
231	-158	-177
89	-123	-80
177	21	-44
152	223	-133
-93	221	-230
101	-85	75
232	40	142
-197	30	39
184	6	-57
-206	135	-113
-102	-208	51
195	216	-41
-105	-223	174
228	-147	33
177	168	209
5	-205	23
56	-75	-223
-241	-16	-222
-192	-136	81
49	-97	212
73	-140	-19
102	250	-223
72	87	149
-228	193	59
-215	210	-64
-44	-233	146
240	177	-16
-135	109	48
-156	-52	-48
-67	-182	-120
-8	197	196
-197	-74	49
-111	-22	181
13	106	92
220	137	-241
-53	-24	-90
-121	123	-248
-241	194	156
-212	114	53
-143	-168	-102
35	-208	85
154	-6	74
-33	-45	-236
-248	-111	250
64	-61	-213
81	202	42
17	-90	-55
-155	211	-238
87	93	-249
-196	76	-201
-116	202	-147
207	-83	-71
-205	-77	210
81	-53	-147
-220	-84	236
116	107	59
243	-220	-206
62	-186	-204
-76	210	223
132	-9	-193
223	45	41
155	50	24
-238	-175	191
112	-21	28
-194	-125	75
71	-214	48
-164	149	155
-192	-247	-191
-201	-49	-158
45	-76	25
-122	-32	-229
-25	-56	-122
-196	185	127
-23	-17	-113
80	-40	71
120	-31	-65
-71	-225	13
-73	-98	191
-13	-6	24
-121	15	-59
225	239	-248
247	157	173
-15	172	-173
-211	133	163
3	129	-112
28	46	219
-223	81	212
-220	104	232
-50	19	-235
-60	5	-122
152	94	238
-176	-92	-153
-197	207	-95
30	149	-172
-6	170	-180
70	243	-89
129	-38	49
22	121	242
-20	78	240
115	-97	19
-39	43	-102
-85	228	-3
-169	-29	47
-2	165	173
91	220	110
219	-53	-126
36	-14	-202
214	-67	-238
106	-229	-47
-42	-61	-122
234	-139	187
84	245	131
-244	246	94
-115	-112	49
-63	182	-79
70	-67	137
123	9	91
30	38	118
-194	134	-236
11	108	-58
-88	111	-206
-70	-240	-140
-32	-22	-221
23	88	-124
-134	-91	25
81	-17	177
168	-60	33
-240	-1	-46
201	-172	27
241	63	-198
82	84	-145
52	37	-195
-108	83	165
93	244	-236
227	-58	174
-154	-63	196
212	219	-25
154	-145	-104
149	-182	154
-244	-56	46
-219	-31	88
244	-154	239
208	-103	-195
-229	57	65
-202	-68	-118
22	203	-26
129	-110	120
167	-86	171
244	125	-136
-120	-209	27
233	227	213
224	215	188
162	248	152
161	-102	-172
6	30	137
42	250	-68
83	231	-117
-87	235	195
-35	228	155
136	30	94
-114	103	111
-85	-190	-97
150	47	-155
148	69	-200
-117	-162	3
-72	-48	167
-48	64	-212
-65	164	218
-192	-155	71
115	74	-8
182	106	-239
121	-86	31
-4	45	-209
223	205	122
-139	211	-153
87	9	43
42	227	-166
118	62	-190
-44	5	158
-244	187	214
-84	-170	-51
206	36	-133
-16	226	3
158	95	40
69	-4	24
74	233	26
-31	-65	-56
105	-201	-140
-143	-64	36
20	-197	-49
-150	-53	181
-195	208	103
164	227	-240
244	-226	209
75	-177	34
71	120	-66
-39	-239	200
-180	-152	-48
64	-198	107
-109	-51	-192
-155	-244	31
-213	-33	63
234	105	-203
163	88	104
-34	218	131
-136	-15	48
241	198	-75
-104	-95	-56
38	214	-66
90	-41	27
200	-165	-129
-107	-98	-245
14	-52	-97
31	216	188
242	-111	-52
-99	-125	117
-147	97	114
-134	19	123
-204	-119	16
-152	-206	148
154	72	-197
-36	194	33
220	-218	-57
-143	152	-14
196	-194	-184
165	50	229
47	105	220
-118	224	-23
70	209	-122
-60	-63	108
-150	-70	53
154	228	-227
-178	174	205
170	-168	230
206	60	159
66	203	133
-241	234	41
-198	-35	21
-173	-154	37
-248	-150	-96
220	-28	-101
-166	136	164
53	-50	55
-193	124	-191
16	-23	-35
11	149	-24
-41	167	-55
225	-176	-207
67	-193	33
-143	188	81
-174	-60	-159
-116	-212	-78
77	-140	-126
-193	-236	-68
33	137	-178
124	-238	-38
193	-49	169
221	46	-224
222	-22	129
-30	-29	9
-185	16	-60
179	242	43
-182	232	-56
-48	50	-156
49	118	181
-131	-9	-89
-184	159	-128
237	187	-120
178	140	247
-235	-116	204
237	-54	38
212	-179	-176
228	-141	-118
45	-111	-100
128	178	-31
-110	-79	8
164	-116	180
-20	182	-225
-97	73	-19
-112	242	-140
96	183	-61
104	243	80
117	-102	-215
249	86	-66
228	143	-172
-99	-130	177
-123	86	249
-235	236	-181
192	74	5
187	-69	-178
103	-34	93
35	64	161
114	-250	14
-214	-140	164
-4	-83	73
-144	44	-41
-60	-108	46
249	4	60
103	-11	147
20	-232	127
-100	56	-111
-122	101	-40
228	69	-184
-44	-184	-242
235	219	201
178	160	-168
221	172	-59
190	66	198
104	146	-212
65	-70	-130
128	-108	-100
5	-117	-70
-192	-66	223
-168	-43	220
-41	-203	126
-110	-96	164
-108	-146	176
85	151	118
133	208	-99
158	127	-190
89	157	-4
-62	-223	-41
-39	235	-151
212	174	-148
-47	-184	-112
-144	56	-65
43	120	153
-83	145	37
175	11	3
-57	118	-212
-77	-249	234
-71	188	162
25	104	-163
-140	12	224
-170	141	162
59	135	-14
-85	96	97
-15	-93	221
140	-44	-70
157	-104	45
85	44	239
8	-172	-109
-222	182	-20
250	249	-217
223	19	-6
120	172	34
-122	-29	-41
-158	105	-140
101	47	248
-220	88	-127
-215	225	-135
-117	-204	184
116	91	-171
4	-118	-14
-109	-155	218
198	93	-46
-238	208	81
-237	-231	105
-125	-239	-240
-18	99	-79
57	31	-50
231	101	-98
-76	-7	-194
52	-38	-167
215	-194	5
250	235	-119
190	-68	82
-1	-204	108
122	-185	-60
-195	-189	179
-37	231	-91
-137	220	245
-69	-8	-77
198	73	144
243	57	171
-43	20	118
84	20	-41
120	-35	-240
244	-59	-93
-244	-227	17
191	-25	74
-105	56	-143
58	227	-205
246	16	-249
49	-10	-146
-120	-115	153
-67	-28	181
129	231	14
23	24	51
191	-160	-77
214	95	114
-241	105	-64
-209	193	-217
8	49	-18
-125	11	39
200	-61	-108
-100	167	250
150	47	6
-110	26	-80
7	-208	161
-59	-109	-68
61	-21	-161
-123	-84	45
-160	-58	-90
140	-191	131
57	-45	147
118	20	89
26	202	106
-135	-240	112
146	-119	-238
-64	225	-18
28	-217	247
-139	20	28
-48	-225	98
-207	93	195
-167	-183	-88
-162	171	-153
234	-175	166
-118	-217	-230
-42	83	-20
-99	-193	-71
123	-38	-133
171	-179	94
93	57	230
250	64	-188
-158	148	156
191	-207	70
243	-152	-194
100	-81	-190
184	-152	25
-83	79	222
21	248	-12
106	-64	-145
183	249	214
84	-10	-19
-182	-213	18
-208	221	-72
213	-167	206
-240	148	-104
70	-104	190
27	142	-33
-119	-3	205
83	184	-182
-143	-30	46
176	-52	-169
-185	-165	22
-201	78	69
171	-100	225
1	30	45
112	201	-79
-160	-1	133
247	-169	65
245	-37	79
-98	-204	-138
6	-180	-244
195	-246	-95
-121	-134	105
40	203	77
213	148	-204
16	47	111
222	-26	102
1	-21	-199
-146	246	-109
-223	-78	56
-108	-194	-143
-74	-174	-249
-242	240	169
-97	-241	-121
-114	187	-62
-16	-220	-183
-131	-12	59
-28	180	-38
-72	-217	123
-177	-35	-23
-229	-219	105
46	-8	-55
-153	165	171
-73	183	-7
31	51	-213
188	-18	136
-84	225	-19
129	-233	-70
90	-245	-113
-24	221	39
153	211	96
50	-86	249
223	-102	-61
222	242	-228
72	111	-138
188	1	122
58	-88	-209
-136	-128	-34
-179	-141	176
-74	-48	-125
-122	-96	222
117	-188	98
8	130	-41
-4	-190	-152
-234	213	39
66	216	-233
175	32	90
8	-156	222
-24	-235	210
-90	129	-87
-138	172	121
121	49	202
-128	-231	16
199	196	246
213	219	-206
228	178	84
-211	245	-149
-207	-243	-204
8	-117	-110
122	203	-168
240	21	136
174	-79	4
-46	-198	112
164	-177	-147
-223	-51	-90
-99	-117	153
-244	-114	100
-117	-232	-38
-9	-145	133
-42	140	-111
-14	129	105
187	107	158
-126	-221	75
120	207	199
-62	154	6
161	-49	164
-61	-151	-133
-62	-207	-136
95	-113	139
158	-129	11
242	-212	-210
68	77	119
-97	75	-62
172	-145	80
66	-148	183
123	-220	-58
-69	45	61
42	-177	-148
-70	-81	92
-204	208	-230
232	-157	-178
23	-58	200
156	-35	207
250	207	196
-173	-60	44
109	-177	-234
-191	238	30
-170	226	-58
-241	27	152
24	-40	68
-145	50	-189
-101	-27	-141
-153	-87	-186
156	-203	241
-65	-163	148
144	124	-139
-236	-102	-2
88	134	-5
-237	250	169
-85	122	-220
-72	-147	73
-184	215	-176
103	-178	-40
-73	-188	-134
50	-249	61
219	52	-211
116	-196	-155
-197	234	174
121	-163	-62
194	-204	-224
69	-192	6
220	-99	213
120	86	-76
-167	-194	-79
-203	-141	-187
-130	-215	103
152	213	184
-207	-158	-32
-166	174	26
96	-12	196
151	121	209
188	-78	227
8	120	-206
237	-35	-109
-22	24	-241
74	-196	-19
75	-169	210
101	228	244
242	3	147
80	37	-98
-218	77	89
119	-183	-239
-203	-85	-186
-59	-132	-205
-31	-62	7
21	100	-87
-180	205	127
127	-237	196
-15	-242	-218
-190	228	-11
206	-127	243
236	166	33
-224	211	-53
-4	38	-227
-171	-196	151
74	-97	133
-144	-124	34
243	-210	78
30	132	-139
180	-23	-91
-87	28	-78
87	-238	90
237	-157	-35
165	-231	-45
198	-166	171
20	82	-152
-64	137	-233
229	243	53
-176	222	-235
119	223	-137
163	-31	215
59	192	-152
-187	73	-150
-243	-12	-178
198	-101	-175
-217	52	216
197	-174	-36
-5	-150	203
111	131	50
-240	-56	133
99	107	-73
-158	235	111
73	-87	224
63	-102	243
144	130	156
47	-142	-153
-56	113	176
-240	-129	94
75	216	188
168	-222	207
120	-44	142
-213	-217	211
145	122	239
-159	13	12
-145	62	46
88	101	188
-72	230	245
104	233	-155
-166	-226	215
16	97	-116
107	152	25
78	83	-16
-84	-145	-110
190	153	-154
-96	200	-74
13	-166	22
-135	9	-73
40	-195	-59
217	-84	-138
-80	-10	-191
-151	-180	121
230	120	55
2	-116	-48
-46	-110	-63
174	-60	-237
-70	113	83
236	14	189
-143	-67	131
-170	172	134
-209	-28	-175
-99	-211	250
-250	-136	48
203	68	180
-107	-178	229
105	119	110
-166	163	213
-200	93	-248
110	233	-241
96	-172	177
156	18	205
-18	-212	183
93	77	-119
13	-184	-132
-2	-68	120
-14	48	49
-238	80	-58
196	-152	11
213	4	-17
-42	-8	-58
-193	-198	246
-87	154	-139
78	18	99
-173	-45	94
-179	181	108
-184	35	-241
-239	113	-60
-75	-84	-150
14	94	-25
208	-211	-95
108	131	-221
4	-49	109
195	-250	197
75	186	-212
13	1	-206
44	174	32
11	26	141
-233	-33	-65
48	200	-173
-4	-62	217
-111	-212	-207
234	237	4
189	89	-124
-240	66	-200
128	79	-60
128	148	-190
63	-23	153
158	86	98
-31	-78	182
229	-118	85
-17	-90	20
123	236	-82
-34	-209	-64
-247	21	-230
185	230	88
-142	-34	140
220	-112	50
29	171	60
-243	-49	71
191	-161	51
-78	-72	102
31	201	204
-181	30	12
40	113	-110
26	-1	231
132	-3	-151
-129	-185	197
-139	216	49
167	199	226
-207	58	-67
-236	243	-250
129	-221	168
-113	-67	-69
25	-112	-103
-66	94	194
-130	-16	-48
112	31	110
-133	-218	106
-107	-153	162
95	219	-143
-94	230	190
-31	-220	-122
179	132	195
-84	-189	-226
-45	243	-97
111	125	177
142	-47	4
-241	-116	-133
-9	-233	155
-113	-23	46
156	71	-202
117	12	-14
122	-16	-66
-221	-210	-198
-178	57	-198
51	171	228
-218	-120	-110
-182	112	151
-211	-87	62
83	140	62
-187	-163	248
12	132	121
-7	44	221
9	-1	-174
-75	241	-24
-213	207	-49
211	133	-94
-191	-11	1
-249	-177	-41
57	-72	-189
216	-171	166
227	-92	-169
27	114	184
68	-24	28
-58	2	96
205	48	223
156	38	195
-248	-135	231
33	230	-30
-85	-146	227
-233	-96	-106
58	-122	205
119	194	198
-104	-158	-90
109	-54	-75
-143	-215	62
166	-227	149
-183	-97	-38
241	-49	70
9	40	92
49	18	-39
137	181	-186
-129	234	-10
-78	-104	-4
186	193	225
-101	-74	-118
98	70	64
-197	-233	-98
-161	226	-65
99	58	-191
174	184	-40
-174	-171	-43
-102	150	129
-160	-16	2
-222	28	181
-129	25	198
-141	-239	-191
-79	78	-44
-233	-186	164
108	132	-121
53	173	248
-22	-231	51
-106	-243	-104
-47	-183	-65
-54	24	-106
-148	115	-72
207	136	143
-33	204	-49
15	150	180
-54	164	-120
-58	-236	-46
-40	86	-47
239	126	-99
-36	26	-101
-62	159	-125
-112	125	199
68	-43	165
8	214	-133
-57	36	170
-118	-63	184
-206	105	-125
-233	-79	-169
154	201	108
179	113	-145
123	-138	-208
-56	-86	54
-57	222	144
-120	22	36
-85	236	-205
125	207	-113
32	-68	78
151	54	-38
-130	149	-178
-7	-210	221
186	-64	12
41	177	92
-185	-163	-143
129	86	-70
41	-8	155
67	-155	157
-102	244	-228
-31	45	152
-95	-146	-194
109	242	-203
106	-70	76
63	-249	-22
-30	-222	-178
-39	-239	90
-178	12	32
-52	-130	106
-156	-204	-2
-61	-23	164
182	-242	-47
61	152	-211
-128	-84	114
-236	117	-209
179	105	-224
-151	24	-169
147	-105	45
-92	75	160
-211	43	236
120	208	-134
-20	-201	249
-81	-45	147
202	-244	-168
-231	160	17
-247	198	3
106	-60	-3
146	-78	196
137	155	91
29	-247	201
92	209	226
-147	195	75
-51	-194	150
-93	-123	7
-224	206	-18
-202	-93	189
193	-84	222
-89	34	-214
91	122	-72
-118	-30	-204
115	156	-48
81	25	68
72	130	85
235	208	236
55	172	71
213	-171	180
245	55	36
-113	-179	207
62	199	33
-89	59	8
184	30	-235
-125	34	13
-238	-209	49
19	218	-211
-138	105	24
-210	198	-120
-153	186	193
35	84	-247
97	46	-121
23	-235	241
136	89	202
164	185	199
-144	-135	-128
-43	66	202
50	-145	-33
-43	77	2
-8	245	219
-250	-244	-204
-33	177	238
33	-139	-5
-228	-222	22
-13	-223	-97
51	178	191
-178	88	2
25	-105	-231
-226	-148	130
-100	140	-68
144	-172	-173
-159	104	-66
-1	44	-243
 
