3	250	1065
56	62	59
-226	68	154
225	53	145
-128	112	-213
-240	247	173
20	162	-111
185	-229	-34
198	184	193
-180	162	-125
137	78	165
-108	27	-183
-185	-40	164
108	-75	56
-64	-97	2
107	-125	-167
-41	42	200
158	-194	-94
-193	20	-45
89	134	58
179	-178	171
-19	-239	-146
22	-119	99
-84	-133	30
-89	219	233
192	237	-232
216	100	-168
17	-89	-247
-127	-37	-69
-6	-3	-168
42	-91	212
203	169	-144
-248	-47	49
-181	-39	-37
198	-200	204
90	230	-193
-95	206	64
-198	72	140
246	-248	90
-233	194	-234
-38	-149	-152
-126	45	-110
-32	-231	6
222	223	70
96	-237	10
-1	-211	-218
-57	67	-213
101	-36	-226
-179	-175	249
-86	166	-74
166	-49	110
125	57	-240
-142	97	-211
-176	-232	86
238	-57	180
204	-136	67
90	78	-114
64	10	22
186	183	56
-36	-94	83
234	-109	-190
-108	11	221
-146	-154	99
242	-113	-38
-75	-170	-238
-211	-119	-1
42	-27	183
-101	143	177
54	52	216
-235	174	-19
115	-41	-22
-37	-233	-217
-242	95	-107
-21	-96	219
86	-171	242
8	7	114
-220	-158	36
150	119	-124
-174	58	-12
-210	-130	119
-24	241	-18
-192	-241	-47
-7	77	42
47	-6	-136
7	108	58
-136	-83	32
41	-162	-43
10	145	-45
131	-72	134
195	136	-139
43	146	30
-128	-90	162
-139	-186	-194
-61	-118	-40
225	78	55
61	-122	211
91	-74	98
-51	132	-210
214	125	-65
-172	-45	25
41	218	-226
10	-148	-245
132	-200	-119
39	-158	-58
52	81	171
-180	97	46
77	-107	-250
-60	-96	98
-111	225	199
-46	-130	-189
45	136	-91
-193	-118	45
-91	-249	104
-230	-38	15
-37	-2	-222
220	13	63
248	-45	-222
-51	78	159
-193	-245	123
50	-209	80
199	-154	-61
115	212	-209
-247	-54	23
241	150	-33
192	-157	164
-70	-127	-1
44	2	-175
-198	-85	-232
8	230	-89
-245	35	102
5	126	156
-219	50	-45
72	-249	-217
242	227	186
-25	-11	63
156	-173	-243
-104	145	48
-31	-109	98
-203	-153	44
-166	-7	-70
96	38	160
-87	201	232
234	129	-82
-78	-193	192
130	181	70
203	-100	218
128	-148	36
245	-125	-183
-224	77	166
-165	171	20
43	231	-182
64	-149	27
154	-155	-147
-60	204	223
64	33	-185
166	60	-193
226	-132	113
-24	-134	-177
67	30	-109
-53	-67	9
-199	-66	-86
-106	-139	36
-241	164	150
-73	-151	-149
-158	-242	220
193	177	186
-181	-175	-237
-233	134	41
-3	123	-25
54	-212	-205
143	71	-109
-176	-29	-102
39	228	-129
-203	112	51
190	-67	145
232	15	185
-235	-140	-214
186	-112	87
-218	84	-65
134	163	-237
104	234	196
151	-28	198
-72	110	-194
-172	92	249
-157	-170	8
74	51	244
77	240	-64
106	175	-98
-215	-4	63
58	147	-18
76	-113	15
-106	-208	-94
157	-87	-121
226	101	-206
-136	-122	-93
-117	13	-244
236	188	84
-25	14	152
97	243	-139
248	166	73
-221	186	22
-90	-53	-42
-238	156	-163
177	-147	-173
17	196	-119
99	-6	-123
224	-60	243
165	221	29
-7	37	-226
-132	-118	-120
188	-55	-160
-250	-149	-188
-115	-79	141
-223	162	-37
-122	-222	-7
145	-159	-18
183	-218	91
-41	-74	-83
-181	-189	-149
106	-8	-210
75	-144	89
34	-130	-25
-129	-40	56
199	151	211
86	223	104
225	-158	-245
-121	-34	72
-128	-37	110
-205	197	229
12	-129	-69
-217	-149	60
-154	-83	93
-45	105	37
-233	-243	232
-58	170	155
29	-1	-227
-148	117	-21
241	137	-103
62	-24	133
-70	-44	-210
52	198	-245
-216	-184	-74
235	-164	52
227	3	116
150	116	145
103	-141	12
-54	134	-231
44	-105	68
188	169	11
155	178	172
113	-139	152
-171	-40	204
55	210	178
-129	242	38
196	-200	243
129	-111	-168
101	155	193
127	-109	69
-174	-109	-116
27	194	110
-48	-190	-219
119	71	-107
-171	1	-20
-113	-230	108
-138	-217	50
105	-34	51
-25	-118	-91
42	100	216
-60	-201	-1
24	65	-158
-184	-166	-176
4	-14	-43
59	-186	-71
46	-56	110
-236	247	-102
-36	-3	79
-136	240	-80
-150	-143	-159
-130	212	-211
-26	-244	181
40	-172	-4
184	-19	229
-237	96	206
51	-197	84
-195	211	-85
-126	-127	143
118	-179	-44
160	179	-86
237	-125	99
-162	-81	245
218	-82	-209
-135	-78	131
169	-85	2
157	186	200
38	-169	166
114	-132	-203
-25	127	-241
-229	-224	-250
-55	-134	5
-176	-59	-6
-71	105	-80
168	222	-232
52	-250	146
87	-111	227
-182	-174	-175
-65	202	2
135	13	69
-13	-138	95
-1	6	-181
94	-29	-103
-167	-31	185
16	-60	-42
180	188	-15
95	96	189
205	-167	64
-40	102	-61
4	36	-44
-173	50	157
120	-168	-98
-94	-148	88
-187	-245	-125
232	223	181
-245	-191	-101
154	246	92
172	147	-183
-32	-241	132
-51	-219	74
-33	-238	-32
-57	42	-155
183	-215	-106
-3	-5	-150
235	-212	105
-150	226	-85
-90	166	16
203	246	-23
217	-115	-1
2	233	123
203	191	-42
11	-212	-65
84	-158	-125
103	182	100
-13	-49	81
-201	-107	-62
-142	-154	145
-85	14	-8
195	223	-155
-142	-88	-250
-94	-174	-10
89	-57	233
98	250	91
1	-92	-218
-187	-3	170
-3	149	-83
-247	-120	43
-62	230	-28
-215	36	-238
102	-16	-157
-95	177	31
-163	81	213
233	121	74
-157	-236	-144
-49	21	-239
87	137	-89
-210	-226	5
17	-163	-184
200	-80	192
66	-23	-130
216	-64	58
-229	140	97
-46	-79	190
-186	-119	-193
236	27	-190
38	47	-230
216	80	49
89	108	189
141	-23	-226
-250	135	214
107	-38	-91
246	-99	21
154	248	191
-199	-166	-52
111	-248	85
-118	-44	124
-150	-126	105
-3	-73	12
222	114	-203
223	-149	-198
144	91	178
-23	198	183
-141	121	175
-189	36	-203
92	32	140
174	-233	203
159	-23	200
193	-40	188
-207	131	38
150	-113	-128
152	-76	-201
106	-85	223
122	-119	162
61	193	234
195	2	119
-40	193	96
-190	-153	107
-34	-80	-152
49	200	-80
-38	242	-184
178	103	-167
-45	-32	116
185	-228	154
224	221	242
-235	-41	31
142	-124	197
-22	191	71
212	27	-242
-157	-85	-134
-187	123	177
62	-183	-248
48	-13	-85
133	-112	203
-38	132	150
-58	-216	-161
107	245	-135
248	-51	138
-9	-52	149
-26	-214	6
213	-192	-1
-75	-32	-179
-85	-134	-233
-10	-224	-204
33	-211	-93
74	-99	169
-9	47	127
120	91	145
-5	-71	83
-88	12	228
158	-123	-212
171	-205	-231
-59	12	-77
-63	118	-209
-163	164	-199
-4	2	121
-148	249	-22
-114	104	175
78	120	-156
-224	178	-145
170	72	239
-107	184	66
-42	176	215
-4	-193	-142
140	203	-85
22	45	225
-77	192	194
-3	110	181
-239	-79	131
-127	170	122
-182	-89	249
-18	-115	-202
-163	44	-138
-119	-198	-172
-36	-62	58
-182	153	192
-188	113	-230
-97	185	207
167	-183	-24
226	218	-20
137	-56	-145
-193	174	101
86	-160	57
-119	-60	-54
101	-124	203
112	44	134
245	-64	42
217	72	-15
-145	232	219
-184	224	-239
214	-205	190
215	205	124
-113	17	181
35	-185	-26
119	-66	-123
-4	166	-171
-4	-227	-87
-237	-96	-152
-211	8	126
135	-130	74
-223	-241	-192
26	187	-181
-247	-50	-11
-90	-177	241
223	47	131
73	-27	108
-218	196	227
63	-54	89
56	41	-231
-47	228	-190
-45	96	-20
-192	-77	-137
207	37	-247
99	-165	-240
-222	-8	-161
-229	-92	174
-72	28	-250
-196	-40	-191
-89	64	129
140	-32	95
-204	196	-182
-241	-148	-160
184	82	201
-13	161	-163
14	217	-219
-198	220	-131
-11	87	-104
81	-11	-72
130	147	-54
-229	-50	98
133	-105	-85
221	-244	18
-65	243	-105
29	-154	-136
213	175	-223
176	5	-235
-191	239	212
-53	128	-117
146	42	-44
-203	-87	164
55	72	40
-7	-22	47
-93	-31	238
-100	84	-43
132	-67	-2
80	46	220
-178	92	72
85	152	82
73	210	-102
30	235	33
-180	-109	-70
200	-156	247
-72	216	209
172	-110	-29
240	4	-116
47	214	-3
21	63	137
74	157	233
-101	232	129
-11	245	-105
20	-63	-104
-3	-200	29
-158	41	20
159	173	60
-139	-62	59
-134	-207	138
-204	232	-16
96	-29	22
193	77	16
-67	-3	130
201	131	23
-155	70	232
-153	148	131
18	-205	-125
-102	-24	-242
47	-101	-118
69	94	55
154	167	4
-83	-109	-220
-196	-244	200
175	20	-200
28	-158	-232
-189	-111	163
-208	-227	111
103	129	-247
152	240	-101
-60	-235	-221
80	-53	-129
-228	173	-243
8	235	-242
213	40	201
52	131	-12
239	101	-6
-249	100	-126
-237	12	216
-189	34	-55
-166	-150	7
-132	161	-128
-90	27	98
-197	-4	-113
-177	170	219
107	-224	-215
141	-33	47
17	-9	102
216	170	123
-13	-9	23
47	-97	-54
-148	100	-237
19	-134	-165
239	213	-59
-214	54	-149
67	81	-234
75	-240	-42
-217	202	42
20	-61	1
219	135	-95
-4	187	211
-180	-131	-42
-130	159	-178
-209	-59	210
-106	-114	-96
-226	-172	-186
143	109	30
-243	-209	-182
122	-57	-240
83	49	-178
-246	-238	89
-101	74	106
207	82	-42
242	136	-211
155	-128	12
237	144	66
151	-203	-105
-117	-124	-60
130	236	25
21	214	-232
-110	33	-24
206	8	-79
38	131	120
237	169	-99
115	30	-120
-225	172	199
-123	53	64
197	-150	-208
179	-235	-165
184	-110	203
-220	-180	186
224	51	-84
114	198	96
-67	-191	78
155	-151	-182
122	173	-67
-89	64	44
-119	215	243
-58	103	-196
-208	238	63
27	217	188
-86	113	-92
-175	154	-157
171	176	-44
28	-19	-115
105	184	-176
-71	-112	62
104	165	250
-202	2	43
-123	-145	122
197	-90	-213
-72	203	100
-230	-219	6
-97	-180	-88
243	48	99
144	231	173
-95	175	7
35	37	89
-126	112	-247
167	244	219
98	2	235
75	-202	12
202	-180	105
108	94	-231
-26	-223	226
248	-85	232
180	143	-80
212	-217	3
-109	29	104
-239	57	-61
-231	-128	-229
31	-162	62
9	-134	-66
-134	-244	29
-71	-195	-169
25	157	90
-173	150	-235
-84	18	-40
-149	-163	168
-39	220	-68
169	-126	152
81	51	-170
221	119	-197
184	166	138
225	132	6
-36	8	232
-208	-97	-161
55	-133	64
228	-76	246
-151	219	157
-229	65	243
-123	176	-13
54	220	21
-32	188	-96
-48	-15	-152
-216	186	23
61	-223	29
30	25	-85
-151	112	-134
180	56	-12
40	-226	155
-165	245	-229
-58	-97	225
-88	48	-166
-219	224	-229
199	-95	-214
109	71	-142
36	-70	-55
-64	50	250
-152	-239	18
120	167	-84
-129	-144	123
1	-226	136
74	237	-87
205	-245	-148
205	-130	-137
-19	-28	103
222	243	-235
195	-77	-158
162	-84	158
-30	-125	-249
-126	182	-176
-237	-44	-160
143	-95	240
213	38	203
-241	127	-247
138	-169	-91
-231	134	207
54	247	202
161	-10	-116
-235	121	-89
-140	248	-50
143	-42	-79
-207	236	-181
237	189	236
-64	37	236
34	-158	-93
28	-31	-195
-41	-86	-112
-197	231	-78
47	146	-166
-128	-81	-91
123	191	-8
194	88	-224
195	-4	199
152	233	-175
250	143	-53
68	235	-155
-213	246	39
154	246	101
132	-169	19
29	236	176
-46	-143	23
-152	181	69
-37	21	-115
-173	5	51
-226	-90	23
-190	-216	-241
35	68	140
224	-45	-28
220	105	-155
58	-22	-56
-178	112	193
127	-108	-176
22	185	-229
200	243	15
-71	82	127
-78	-116	-45
-122	47	78
-160	-193	-241
159	-208	-165
-83	-42	56
62	20	175
9	137	-159
98	-184	109
-238	51	32
-127	146	-44
-242	166	5
-28	30	-156
-103	214	114
36	-39	56
70	-68	14
99	-241	34
123	184	-85
209	-223	-164
-77	220	-3
1	-107	11
-133	-69	-250
222	45	-89
-7	31	182
-135	180	86
80	63	-230
99	-210	-19
4	-98	235
-51	162	-88
-99	216	-119
57	183	243
236	-121	-29
-195	222	-3
236	115	-69
-13	-196	-117
61	-186	-151
-123	-207	43
57	157	233
217	-71	162
185	156	204
-20	-97	-17
-93	-22	-195
-147	230	-63
176	5	219
95	225	18
-130	-46	151
135	-58	-72
236	-90	225
-196	-144	18
27	76	31
-98	-3	102
47	34	125
113	-99	157
100	94	-19
-173	34	-75
10	-175	201
177	219	-134
119	200	-96
-149	136	86
-166	-176	-127
-188	-139	129
237	-177	19
-117	96	55
204	-19	-228
132	102	156
213	-29	-173
-141	153	98
15	138	171
-161	53	-59
119	-224	-96
-58	195	-216
-152	177	34
-74	-101	193
34	-81	-96
-86	87	-162
119	-168	89
-216	49	-51
-54	121	-237
-39	-148	-238
-71	76	-44
-125	-126	-72
-88	-175	17
25	-226	185
-169	-10	-198
-113	-214	13
-61	70	145
100	121	-28
180	34	-176
165	214	158
49	-233	-15
-81	199	29
79	180	-183
-56	226	225
129	5	233
86	-165	-85
59	56	172
150	-108	-181
-24	19	202
-17	-129	-46
-102	250	76
159	-158	-106
81	-145	-244
-237	-250	-226
229	14	104
187	115	17
-63	208	23
54	-118	-162
-4	115	-138
205	31	-149
76	242	26
-206	-66	34
-246	37	188
-45	87	-180
-67	20	13
-126	-153	59
227	-200	128
81	174	-148
85	126	-69
247	124	-153
-76	215	-133
197	94	76
-185	178	83
-38	133	53
-64	-169	-57
-117	-32	-17
-76	-234	-37
114	-165	55
-105	-55	2
205	-58	186
-143	77	117
-123	135	-9
-131	-178	161
55	99	-137
73	-210	-189
-93	114	225
-234	145	-169
-238	185	-161
231	-174	3
-248	52	-217
84	153	51
91	95	218
-242	-73	205
57	201	-248
67	65	29
221	-84	241
95	-232	197
83	-233	105
112	-191	26
87	67	-158
-203	71	-242
-45	-187	115
-23	81	-89
-203	230	-165
-72	175	231
-138	-242	-151
-13	-229	-180
233	243	-8
-45	72	-105
124	121	-119
184	238	150
78	130	64
-184	240	-25
-67	106	216
-115	188	-136
142	226	223
-125	-138	-220
-221	78	215
139	86	-131
119	121	-134
-240	245	-150
53	161	-98
-247	69	70
237	202	-174
-64	-175	-51
122	-168	-149
231	-183	-95
-69	-200	11
-227	148	26
79	-7	129
-146	-103	182
-147	166	-210
-44	-69	-162
158	-128	12
136	-221	100
-47	141	138
93	-204	-36
204	-222	-224
102	61	-81
207	3	-194
-91	65	-79
-99	-135	90
39	141	-240
215	-107	203
-18	-176	73
-149	73	-155
-112	150	82
-219	71	-158
100	47	-20
-123	109	-164
-36	-217	219
-137	55	-168
-235	-224	22
56	31	-150
-64	-206	-100
123	-187	135
110	-13	-133
-228	215	111
103	-164	-72
244	52	110
-11	-152	198
223	-101	87
243	106	-31
-145	-208	52
-121	203	92
-241	-56	22
12	173	-115
-164	20	-98
-83	-18	161
174	105	73
-137	75	174
172	25	47
-29	-36	-94
-80	-63	-235
-110	-120	-73
-51	-22	-232
-98	-102	-18
218	167	-176
29	122	-218
232	-221	-34
-211	-203	191
-186	-25	223
93	-137	27
-174	-227	191
55	222	-22
-6	-236	128
67	112	-79
-150	-158	134
-246	-100	59
238	-45	20
184	138	-30
-115	-151	-68
191	90	-39
-156	-11	64
12	-185	-98
75	-128	-117
-60	-54	102
9	187	-132
12	-166	158
-129	-142	-40
206	248	111
23	161	103
166	46	35
195	-105	211
-208	57	-232
230	238	151
-139	-83	-163
90	-123	247
-169	-115	194
-220	-174	-179
105	-149	199
-8	128	91
121	207	170
-207	-250	-204
-22	100	94
162	-156	-163
-119	169	-28
-6	210	-103
-14	-33	183
-137	-203	-162
-243	-64	118
56	43	196
229	-7	244
-15	-196	103
-11	50	-237
134	-22	-203
-29	233	-169
9	-45	177
-72	141	-54
-208	99	16
83	-155	-67
162	-184	226
-250	-167	-86
34	-241	-103
54	122	40
-115	-149	214
-174	-96	-53
190	175	127
238	-133	-36
31	25	-72
130	-208	-36
212	-62	-64
225	-151	163
-147	164	146
-132	34	-140
90	234	191
-94	39	142
146	-27	-3
-71	-25	93
 
