3	250	1065
188	-135	70
-51	-214	66
96	-13	218
-59	-207	85
-66	-246	-2
49	-121	98
-181	-42	-8
45	44	-184
-47	136	126
-186	-91	115
-151	-31	-170
42	80	-202
-220	-120	194
-73	179	-157
-68	-245	22
-231	82	-34
61	-122	12
162	141	207
126	117	17
-213	133	71
238	-47	-84
-204	7	-36
53	181	-97
98	-161	8
190	-156	205
11	-127	67
8	102	19
249	-121	218
-237	227	164
66	30	-12
41	-50	-29
-119	-153	28
-176	194	215
146	26	-72
-165	85	-192
78	146	-31
32	122	78
154	185	217
214	223	32
197	-136	139
202	-137	150
-89	11	-152
-52	204	-141
-134	4	-178
115	232	3
57	-242	22
202	-141	-248
152	-113	-63
206	-147	138
-238	163	230
-113	-75	-77
-230	-140	99
-150	-140	121
171	167	160
-174	28	4
238	131	97
22	-244	-174
-128	120	53
-12	3	-181
13	-234	248
-38	-125	-147
168	211	-155
4	-208	246
-69	-218	-80
-219	-151	123
-232	205	134
-39	6	33
68	-101	71
-140	-225	-243
-109	-192	-32
240	140	-153
-196	-55	247
-92	-65	194
-188	-18	74
61	95	-239
-41	-65	35
-184	135	107
-24	204	169
-67	-52	64
-187	-43	-144
71	176	-34
157	-53	-106
117	-7	172
-81	-40	88
193	117	-112
55	-112	173
-61	-124	95
135	3	84
-93	118	97
1	204	-143
110	-95	45
-75	-244	135
247	45	25
-137	195	-179
-11	-126	-143
-87	-97	-27
143	203	204
49	-118	159
134	85	205
-2	-79	-205
77	-68	-38
64	92	-120
131	-167	109
50	-124	-141
84	188	38
230	158	87
184	75	-127
-44	222	-163
208	61	-25
58	-149	-148
-114	-166	-137
236	-117	222
108	213	35
-172	-73	-106
156	228	69
-32	-185	171
66	-121	-221
-101	90	-103
180	-31	-39
206	-132	187
-29	-217	194
53	-201	-199
163	-89	-21
232	-152	-162
-230	-143	-20
176	-196	171
-198	-6	146
-133	82	-98
-129	-206	140
128	-35	47
220	147	-172
-36	-238	-232
9	-91	56
-84	116	-65
250	-142	-242
-48	-155	-89
-196	-30	118
-152	220	-166
-67	-159	18
89	-132	173
24	-226	13
242	140	-36
185	-219	216
3	243	200
-51	213	-214
81	-67	118
-99	171	202
130	215	-237
137	68	154
-168	139	240
-24	192	99
-203	134	-197
-173	-148	192
-71	-129	-74
-2	133	-49
24	-37	-102
149	130	20
72	206	-185
19	-185	56
3	-161	-153
211	175	-204
-200	195	11
-7	112	250
-118	-143	-50
194	236	119
-13	248	-196
97	-11	-187
-151	-237	-88
14	-46	104
-22	162	73
161	-21	-108
99	-84	-179
12	-91	146
-59	5	118
250	-89	248
182	-139	27
-207	-94	98
-44	-141	129
-12	-48	-124
-216	209	29
-220	212	-146
11	208	235
146	138	-4
144	-88	-40
-207	-183	-208
-242	115	-200
27	-122	159
-125	-139	128
43	52	-159
16	201	115
-242	212	52
-156	-194	-160
-41	-48	50
-38	240	67
-104	65	-36
70	-57	-94
123	91	109
-193	-48	79
7	-4	16
-158	55	-129
-75	-92	-1
-84	85	27
224	60	81
79	-59	50
158	-39	55
-231	-57	-169
-168	59	216
227	225	-142
-104	-106	-3
-154	-107	-173
-34	124	-211
83	-23	-245
130	194	-220
-215	104	102
101	161	158
-177	152	175
73	-186	53
62	-113	-213
-28	99	67
181	-165	234
138	114	2
-92	-74	41
163	-203	136
-88	-13	-118
-227	-72	97
61	47	-148
-168	200	222
231	-6	66
137	217	-62
187	98	-25
-68	-119	231
113	99	-39
197	-38	137
62	42	234
77	233	201
35	84	127
-104	-160	-158
-24	-191	-2
-177	-14	-198
-14	213	-226
223	99	74
158	217	32
29	132	-216
-186	-219	181
126	141	30
-92	-78	192
38	-85	-23
94	-178	13
-227	144	-23
225	152	-42
98	95	-224
95	48	-237
248	210	64
65	-245	-165
237	-127	93
-175	229	-190
50	-113	249
-171	-226	75
-6	-50	-88
-110	-123	-116
-48	-75	-225
-188	23	105
51	-229	59
217	-218	-94
-44	-248	103
-156	-247	79
-123	173	-74
61	159	109
163	250	-39
237	98	174
-93	162	120
222	-165	-27
176	202	43
-106	-233	-75
70	-226	243
158	-144	235
50	-99	-115
20	192	42
159	-244	192
123	210	46
-231	182	171
-55	-59	-204
-169	-172	-135
77	-133	140
-89	-58	83
162	154	38
-187	174	106
-85	-12	-180
116	49	-37
-129	156	-30
68	202	-106
153	221	-148
-15	-196	-3
-98	31	23
-107	164	246
-88	193	238
168	-200	242
56	-222	-49
32	-14	244
-145	-4	193
-177	-228	9
-186	-87	-6
31	208	184
42	48	112
64	-247	-14
73	-63	131
138	163	143
-120	247	-38
241	-60	248
89	159	-21
-167	108	54
136	248	241
-133	-207	27
56	-145	98
61	9	-168
6	20	-71
-163	-153	-154
-63	195	-210
39	-244	96
-153	173	-22
239	44	-55
211	-214	112
48	-208	-45
6	229	138
-206	-222	-224
212	-194	43
225	202	-67
-186	114	169
124	-127	-88
64	-184	129
36	-122	28
-181	-112	221
-209	133	151
-236	-149	-73
61	-60	-109
-133	-92	-220
-141	90	-210
-96	169	-147
209	17	-67
12	-76	-3
63	57	64
-22	157	-131
227	141	87
41	73	-134
50	-116	-224
24	49	-203
129	102	-126
-177	-60	-13
223	245	-14
-130	-215	136
206	250	-236
-170	182	-80
105	74	-59
247	228	227
173	188	-41
91	74	241
30	-36	2
-108	-69	90
-149	-183	-73
-201	-116	-68
-234	13	-10
44	-118	-161
-62	84	-194
245	149	63
197	-225	122
-201	-200	-58
-86	217	-13
122	-74	72
196	219	-221
-15	-232	-220
-180	-197	136
-133	-243	26
-133	111	205
-122	53	-248
146	70	-213
-211	-13	34
-80	-162	-118
108	-11	16
89	-59	-153
80	85	-61
-190	77	140
-66	104	220
89	-185	130
204	-86	125
-98	2	149
-35	-232	90
-232	-21	218
-70	-43	-231
-16	-101	-63
204	-55	236
-116	-248	-10
69	154	-236
81	174	-233
38	139	-230
85	233	-241
98	-201	202
72	225	-26
-249	-91	-54
110	190	66
25	-124	-77
-220	-41	112
44	220	242
199	26	-92
-179	-116	-184
-89	-230	97
-77	-215	-81
-206	-178	-199
199	-195	2
-34	126	124
190	208	58
-76	-200	-17
135	94	79
59	239	-21
-68	62	-93
20	218	171
-130	-79	-243
-47	-120	225
-201	11	4
188	139	94
-243	-99	90
-206	-56	-172
79	248	-26
68	75	239
-103	233	197
-70	-6	126
-2	124	107
79	-150	-55
82	20	3
129	-193	31
-102	209	-50
-28	119	-91
-191	-121	62
-174	-57	34
225	6	-67
49	-182	164
-65	187	-150
-68	11	62
-144	181	-94
51	82	225
-73	-134	-237
-18	-47	-82
-109	-20	-162
207	-43	-100
-20	-21	38
50	-211	-7
182	-214	-35
164	-239	-6
244	-116	-198
50	-186	189
-210	230	-37
-205	-198	196
-225	-124	-65
135	193	89
-250	-85	190
14	131	100
-33	51	64
55	-14	148
-93	-128	40
-187	-209	160
247	-160	212
212	-242	-110
-50	-24	-163
45	-236	-34
160	-104	201
151	227	-6
171	34	-206
179	110	199
248	-103	-78
-24	-97	99
71	-67	-55
-42	-100	-161
173	-59	-80
213	-148	-240
-35	-202	-23
212	247	-5
143	115	-34
24	-34	222
-241	-116	-19
-156	190	148
117	34	-70
55	-193	7
-1	20	151
94	113	171
-60	-249	16
31	-43	-122
-242	218	114
116	56	129
-72	-122	-114
68	44	-205
171	-32	174
213	123	55
186	236	-165
-66	74	63
136	-134	91
-222	-138	123
232	-142	-126
145	-154	-232
1	-35	58
-111	-100	-7
-44	162	110
170	39	-181
42	220	52
8	29	55
-188	-203	118
166	198	220
-64	33	-65
-143	-120	-108
215	-151	165
-38	153	210
-213	12	-61
208	102	207
160	-238	154
154	-146	-197
76	203	-64
-148	70	-172
132	-209	-60
123	-140	142
74	-62	-220
-182	-206	-87
156	138	13
36	228	-223
-250	-188	-92
-215	37	-61
-68	-239	-147
98	-140	23
125	2	-96
-49	-96	98
-141	-202	-98
143	-203	-39
204	-16	197
188	232	162
-84	-174	-170
115	-112	-79
-209	199	125
171	9	-17
183	11	229
166	129	-230
-66	217	-2
128	-241	196
4	158	11
-17	208	-94
52	218	17
-172	119	87
170	-141	110
-118	-146	5
211	-181	238
-193	228	7
-79	182	-178
-34	-24	-81
-241	-7	119
25	-95	-215
51	91	-119
116	130	-60
234	-78	188
-37	-212	-84
-189	-230	-63
-43	42	52
40	215	231
-13	242	103
27	-92	-35
-78	185	-220
-101	131	3
-3	-81	66
7	-192	64
-183	168	-211
-207	-106	-142
-137	-96	-110
240	-249	-231
-127	239	-101
60	-30	-159
226	-202	42
-97	-14	-133
106	-142	128
247	73	-98
-89	72	-225
-185	-67	173
-14	-31	-64
-25	-93	107
12	176	-125
55	112	209
-250	44	117
222	-33	82
250	204	160
159	-118	14
-170	32	148
179	-61	50
-96	-204	103
-244	238	235
243	3	-208
-43	206	216
-197	13	88
-66	153	24
-199	-73	250
-24	-219	-97
-166	-17	-88
-158	-153	-184
66	-215	-144
101	82	46
194	38	-241
172	184	-233
180	-222	-92
-104	33	204
220	222	-167
37	15	-219
-243	-227	-170
164	166	-207
-245	-133	206
-34	100	49
131	-151	-135
87	-170	-167
-241	58	67
120	57	229
-153	-38	208
-71	-119	-222
146	54	-69
214	-51	21
126	-117	-140
-212	95	-182
-240	117	38
-110	218	60
-140	243	-170
-244	150	-33
-28	-215	69
-128	124	231
-171	194	21
100	-11	43
-186	165	-215
193	76	183
125	162	190
-159	-248	218
229	78	98
87	33	-184
-19	-193	57
-18	-78	3
-232	92	78
-37	249	-133
154	-106	13
-69	-176	-205
-216	145	-236
48	85	10
180	-71	28
43	-109	152
68	-15	234
-180	106	6
84	-122	-193
-123	-177	46
197	32	109
-158	-154	-69
3	105	-64
116	-104	9
34	-71	-181
-80	168	201
243	174	191
20	68	-221
-221	-191	95
-234	32	113
84	-190	1
72	-121	191
129	203	-73
-91	-6	88
227	-218	-117
-172	-216	166
-189	71	165
-134	212	50
-104	151	91
-26	-62	-44
119	-73	-140
-78	183	211
-89	-196	5
222	-5	215
-138	221	112
-106	231	85
135	92	13
-138	171	-20
-207	30	175
221	-230	-91
-94	16	-184
9	-146	40
95	128	43
-34	-226	-131
-79	-117	202
123	-43	-128
5	230	33
-166	-95	-151
-59	-243	145
162	-30	158
225	-71	149
240	-131	99
-46	90	-194
115	107	145
-52	207	126
-66	-44	145
-84	-136	153
-31	-204	-167
127	15	71
-118	76	-73
-67	101	186
-234	148	217
-213	110	-79
-93	-212	243
30	100	-93
-243	160	228
-9	-105	189
-100	203	-128
-157	175	-174
167	-118	6
136	-211	-8
155	147	-234
-111	-221	178
200	-55	184
29	-121	139
-133	-15	-68
20	32	-102
-228	-235	193
164	172	146
119	74	220
-115	-240	-113
-139	-150	-21
-213	130	129
-247	198	23
-242	-163	-141
-61	-35	238
-163	106	-18
-78	-59	50
58	210	31
148	94	-238
36	115	-192
-142	-200	15
-78	-210	-169
-211	225	-92
66	-203	37
-210	26	-206
61	191	193
187	177	-35
238	14	-176
23	71	-182
150	-83	-198
99	46	187
-117	-58	212
102	-151	29
-6	2	-104
109	211	60
-53	-166	-90
-25	-73	-18
1	75	81
62	108	-166
-154	-83	-203
13	65	86
27	94	-64
12	-142	-75
103	-100	196
161	48	151
-109	21	-114
241	49	228
50	72	-186
-8	-215	-29
-21	143	-221
220	114	249
-218	49	-70
-241	153	202
-105	-34	28
57	-8	-152
6	-148	20
25	-199	-126
-223	136	-132
238	167	-192
-25	-106	185
82	-138	-11
178	167	191
-33	-233	220
72	-144	-198
-191	183	-103
-239	191	124
-240	220	-182
-15	-56	174
-16	42	-223
210	246	-63
-49	110	-111
187	99	-122
-59	43	-200
61	43	211
-163	215	-10
147	-76	241
160	185	-197
-176	111	18
45	-153	87
20	99	56
-161	-221	-160
-250	-137	-91
-171	-93	4
233	13	-249
-160	39	33
-49	-229	77
-115	129	191
99	-246	-201
-197	-167	-182
-130	145	238
19	159	-34
150	-232	42
-198	-35	112
-67	83	-212
-199	158	-91
242	-88	-109
-188	-84	-207
-96	121	178
-3	85	-147
162	-32	-82
203	-210	-239
-37	-173	-6
136	-247	49
127	-206	-153
198	82	-17
-181	36	-194
92	-133	101
26	11	-249
142	-200	159
30	-171	-160
-31	130	-29
153	-141	-8
6	14	-144
207	229	-167
194	52	60
-97	128	-140
1	5	80
142	13	-81
-3	223	-147
59	-32	220
127	232	195
204	107	51
-100	6	71
-98	-43	-60
-162	-20	179
-198	15	-44
-189	234	7
48	117	-128
205	-144	-211
161	-50	193
-152	129	94
97	-210	108
225	247	241
-19	69	181
153	243	118
175	-234	-176
-143	-26	156
123	-103	-102
151	-223	34
149	-105	-108
-64	-125	174
186	36	129
197	158	110
13	171	-37
161	-151	94
-208	-231	168
234	-155	-97
-120	-193	39
43	2	-230
-67	-208	132
204	184	-28
183	-48	-153
-160	29	92
-7	-50	-83
217	195	88
-146	-58	248
171	-112	110
222	-51	48
-143	-6	-104
-106	208	176
8	202	88
-67	45	129
-195	-89	71
-47	45	74
132	126	23
-87	76	-30
192	147	199
-90	17	156
228	-55	101
-117	-86	245
-217	-230	-139
150	-95	-116
165	-4	-205
-127	-141	-17
97	-59	-57
156	-164	180
-14	-61	179
67	-74	97
-233	-21	151
220	-95	151
-227	-92	-12
-240	149	-233
11	95	215
117	98	-129
110	66	-221
109	-69	-249
43	-214	33
-165	-142	155
238	-116	-117
-242	243	29
120	-112	-190
2	25	128
-95	214	-150
-20	-81	-15
-100	-188	-141
-250	-20	-5
-104	-138	12
-239	17	24
37	-36	-197
199	-22	-81
-232	150	-250
-224	-192	-24
45	162	-213
-185	-87	-15
23	-87	210
83	-157	9
-219	118	-40
-189	-147	-124
-130	149	-10
82	-52	-234
-151	238	-65
7	39	-76
-8	220	75
54	-250	-188
-210	227	-19
-102	168	-160
-125	-84	18
-127	137	-19
-240	-72	139
-144	94	10
-84	139	195
-223	-179	-104
40	-5	-120
197	196	210
-118	-16	-188
153	11	-113
-118	-228	-95
205	8	-227
-213	12	-128
-16	214	-15
178	244	-203
207	-209	-185
-23	-135	-160
182	173	237
59	110	-48
-16	241	-131
176	237	180
-12	60	-245
-147	242	-127
216	-110	-81
151	-199	-134
-2	-93	-150
42	-215	246
240	-32	47
-87	-130	-207
-60	43	88
107	76	96
-192	48	-13
243	-73	179
136	-25	223
230	-2	-158
-71	51	56
-215	-248	-110
125	-177	-15
146	-101	-228
-233	-172	171
-121	-60	-166
238	-191	-220
39	42	81
-8	241	147
155	-92	-10
191	103	58
79	15	-224
203	-151	183
-80	-212	-19
64	-101	-220
-72	-117	54
-162	52	-96
-27	51	108
237	-164	-23
133	203	-71
53	-97	114
186	137	-138
239	49	38
-158	-245	-35
-150	-132	-126
217	-35	-247
166	76	-109
40	-96	-179
-198	99	-180
156	-179	61
-181	-115	-78
149	-110	-43
137	203	-246
-1	-227	36
-110	-114	-243
213	75	-6
8	-151	-60
-201	44	-175
-134	109	-180
-234	149	-2
118	31	-220
-73	-78	121
104	78	-71
-231	158	38
48	61	225
-194	155	-73
135	-100	221
33	85	-176
33	93	-108
146	49	245
-162	-42	-187
127	90	64
194	-127	-131
-69	13	85
110	228	-136
136	-8	-25
36	-118	-70
145	158	41
18	96	33
189	-132	-92
57	-123	-196
-61	231	55
44	-225	-176
-104	17	48
1	-57	-202
-31	187	61
-163	-79	235
-235	2	39
-113	189	-55
-231	76	182
-199	47	-180
88	144	-169
-40	-104	21
-63	-128	114
-203	-29	-18
-5	146	-175
119	-158	-133
19	-3	88
-99	-15	154
1	189	135
146	78	227
-59	-131	-205
176	-186	170
-40	75	136
-51	38	-61
-17	200	-212
-40	79	104
162	-196	-206
203	-250	6
211	-243	-80
156	-194	85
-91	-227	-183
-214	-134	148
100	168	106
-148	-217	-42
-112	144	164
-50	102	77
184	-8	-182
189	-27	63
-93	29	36
105	117	-168
-118	112	30
-243	27	82
-70	46	-35
-202	183	-195
-12	-172	-67
-108	57	240
 
