3	250	1065
-167	170	-24
-119	-158	-250
161	68	114
150	75	-217
-130	89	42
-200	-215	-230
-165	-36	147
-51	-119	-166
35	-76	19
-207	72	212
59	-202	-225
-27	89	-176
-22	-54	-3
-131	2	-4
-23	-210	17
-243	17	-220
108	82	-233
-168	-26	39
98	-94	8
46	-15	-220
82	-241	-195
-196	66	81
-164	-17	111
-208	-35	-167
-226	-181	-174
123	-75	163
-66	-71	187
231	162	-54
164	71	-25
-239	-11	91
-85	-78	159
119	209	105
-91	-85	-16
-134	-89	-200
-68	158	-246
-242	-155	-30
184	20	-132
-142	166	-71
-36	194	85
-220	169	-160
-167	-67	134
119	-150	-56
237	-80	46
-53	23	-49
140	-227	-68
-29	108	-210
197	-173	75
-133	-160	93
33	-20	102
231	47	85
-191	124	-134
-75	-232	110
163	117	-192
-85	-77	178
-46	-138	-131
156	126	-99
228	101	116
120	-163	216
-219	-3	-86
231	235	132
-87	21	-193
-70	38	69
35	244	-232
11	-24	152
-90	151	-76
-38	98	210
198	103	-57
86	73	-175
217	-83	-4
209	-19	74
-224	27	-183
203	-204	69
190	56	178
95	-89	84
21	-166	31
179	173	46
-78	58	-5
-1	7	-31
179	216	-242
24	-83	114
73	-106	236
-170	-44	-149
-150	190	222
83	46	58
-22	-80	-203
-198	206	-235
-24	-243	-245
138	-66	-123
201	-78	36
129	173	172
-211	-5	10
-145	-211	-77
-73	-21	59
-186	80	132
-64	217	206
40	-8	-18
-133	-97	166
202	59	-69
-64	-191	28
-229	-226	-83
-198	250	138
170	-182	-187
-134	93	-232
-151	166	177
-45	89	64
-8	-220	24
-236	-104	-5
95	73	238
-63	177	5
-77	150	-205
-165	-35	-197
11	166	-235
-161	182	247
-237	70	199
108	136	-203
-40	-190	-14
117	-138	-109
26	-63	-127
-46	-198	205
-48	47	-148
-229	-149	-113
186	2	128
239	-129	93
-250	-197	-1
217	-238	237
-38	-217	-245
140	-144	-130
-47	175	112
-192	-40	-210
132	210	138
-215	112	91
-87	-151	-193
199	214	55
74	-44	-134
183	-118	-86
195	-201	21
85	-246	183
-158	-161	-63
-57	44	-209
-67	9	63
62	23	-249
113	-144	153
-145	79	-25
123	96	39
27	102	-124
-138	-65	225
-44	9	177
60	-199	-175
78	28	61
231	-135	-198
56	-111	-16
-64	-41	-171
87	-45	174
227	206	-107
133	-54	100
33	-214	-185
-210	58	-222
106	-134	-2
-108	-122	-86
179	42	211
102	-155	82
-217	163	-133
-145	-149	-65
27	-35	-82
-20	-176	-32
-99	55	59
-6	-57	-174
-69	139	116
-93	-61	77
-164	-193	-250
-100	-22	9
169	207	-155
-60	163	38
217	138	133
117	-226	-248
70	-21	-192
176	-98	-100
229	-249	-108
-89	-140	41
27	-50	-78
-195	235	-20
-30	238	-45
-74	47	-233
84	151	-46
227	-148	-28
54	117	-178
20	-33	228
49	-235	-92
-188	248	-55
-212	-98	-75
183	205	113
101	47	149
-123	-160	-44
-119	128	207
-101	72	176
172	243	32
150	204	-106
-108	154	126
111	-238	193
145	-12	-125
-148	-107	178
238	41	235
-59	196	170
-250	208	-25
245	-169	-198
-54	137	-241
-13	-54	172
-13	-205	206
-220	138	11
-181	-74	-204
11	-247	-79
132	-242	198
64	-2	-48
73	-153	-74
117	-77	-228
13	-215	-167
-236	-96	-137
26	-213	127
9	-54	212
-236	3	-185
134	-85	103
196	161	163
208	-119	24
144	200	-58
-213	-19	196
-36	-115	104
204	-111	191
-179	-150	152
207	-128	43
-208	195	93
172	127	189
-54	218	-214
-28	-13	56
22	-171	-167
-138	142	-94
-56	-217	62
98	45	-43
218	-67	139
-63	17	-24
-129	-218	-101
-157	-4	112
43	-96	-147
212	-125	-2
-204	-210	14
186	69	61
181	-197	13
144	207	107
-227	3	138
-225	56	-245
-81	218	3
-150	-184	-240
173	-119	-110
-42	136	154
-214	89	61
-142	158	61
-187	198	-248
-80	32	92
-91	102	137
249	-244	-89
-153	-93	73
28	173	-67
248	178	208
-91	-207	-119
227	199	143
231	161	-186
-173	-151	-94
166	174	-119
140	103	-191
158	56	89
143	-102	-7
250	77	-31
-34	231	-130
137	244	-78
-160	-128	-57
-102	101	159
179	-80	70
-55	-126	155
-93	-223	40
-137	134	-241
96	194	90
44	53	174
138	129	-195
-89	177	146
-241	-233	3
220	22	-39
152	-70	216
144	69	168
-11	200	179
26	69	-8
-124	19	-205
76	229	-50
-80	197	-51
-250	-45	-111
-203	227	7
143	130	-73
-79	-117	-128
-110	-238	-128
-71	-234	-206
-120	114	-134
182	216	19
154	143	177
213	131	72
-2	111	-39
-114	163	-63
-137	-220	-102
-216	-127	57
226	-121	-208
-103	-212	-109
-91	32	64
-39	166	71
54	-36	171
-189	-154	-199
145	-53	120
-155	-34	70
-69	225	15
183	168	122
-182	217	-203
-39	8	-207
196	-165	184
-114	201	-94
214	-24	-126
134	-58	-121
-240	-227	241
95	81	166
-148	209	249
200	-50	-112
229	18	-46
82	93	209
-73	-133	174
36	59	228
-122	250	-115
221	-53	17
-249	233	-212
-51	127	132
-243	-150	-101
-35	55	-152
-149	8	-29
-34	-23	-162
-245	31	-93
169	-248	108
171	-4	-96
48	-51	-141
-6	-249	-187
-133	238	-197
184	31	-200
-82	221	172
-60	-91	125
114	172	88
-216	-221	-68
114	-130	211
-232	2	-153
-237	114	-101
50	202	27
-64	-10	175
-90	86	66
135	-7	58
14	172	-195
54	158	-176
188	70	-225
216	135	17
-107	-173	-29
-246	224	-135
165	-142	-150
56	160	225
-212	237	-155
250	124	116
-242	-34	-50
119	-138	29
-174	34	-160
168	-26	73
3	59	-132
-22	130	-7
17	-241	-171
209	3	81
25	92	179
-113	-97	172
-202	148	-147
100	63	-240
192	-57	211
-34	187	-119
-75	-147	-59
-13	92	-83
-159	-149	192
107	-111	96
-95	-167	-195
-177	-203	126
170	211	-108
131	-30	-57
-111	35	-87
-214	-198	136
137	87	-216
-29	-242	-125
44	-125	-24
-75	58	237
131	-227	-36
-30	22	34
159	-63	97
28	242	-215
-4	166	-219
79	-208	209
61	-4	-116
200	-159	-212
137	220	-152
-13	25	-158
-213	-93	-193
-15	17	-171
-29	61	78
150	243	239
-43	108	35
-186	-52	142
-45	237	-115
-135	-145	-36
-232	35	-135
230	128	-86
-63	-14	-226
-52	-187	185
-141	-36	195
-68	-230	-114
181	-180	-76
-191	-7	169
113	-12	-247
98	-68	-184
-122	60	162
184	-193	-42
164	149	-242
-142	-178	-214
-36	71	-208
151	-235	10
-174	-153	-214
-200	-75	-72
143	-48	63
-247	-220	-108
-154	-89	-205
-186	74	-76
-72	-238	-61
29	-72	-15
-128	-175	170
-205	-32	197
-82	131	-171
-143	-102	-197
-171	23	198
135	-241	-50
162	179	-209
-205	169	35
85	-218	-166
157	92	183
229	-161	37
-205	-125	190
68	187	195
167	-147	-237
-243	-84	250
222	-166	-187
-19	149	26
-235	-131	195
-199	-150	153
94	-225	165
119	-122	-18
-205	147	-110
-238	90	53
188	-217	-185
171	246	140
-187	206	161
166	-215	187
198	182	-131
-36	-51	116
135	-63	13
-65	84	57
-15	-204	-31
242	-177	157
-21	-212	-70
-154	66	-23
17	-155	3
-139	145	-244
145	-87	149
-70	230	-37
99	-20	33
40	203	-27
84	165	-51
-50	229	-233
23	-99	172
27	-86	-57
-181	247	-195
-113	-123	-134
59	-250	-197
-232	221	75
-190	56	147
-239	45	-100
154	114	-11
-5	85	-211
177	106	-129
-63	-198	214
-63	183	122
50	19	236
-22	61	-97
139	-189	77
-175	-2	-33
216	-23	159
-210	234	44
207	66	-160
25	-186	110
-186	127	51
196	231	-33
-129	-27	-200
-22	-178	59
-103	5	-40
12	42	-119
72	205	-115
71	188	-208
13	131	107
-175	-164	-92
207	-137	-239
210	21	203
-5	-195	199
-141	227	-189
-85	-222	163
124	-143	176
110	178	145
75	-6	-214
81	109	-154
-19	190	172
-221	239	-1
-20	211	-146
-183	97	153
-73	-201	229
176	-239	-24
-205	140	-128
174	-56	-188
216	152	-58
-238	121	128
50	23	85
213	74	-145
68	202	-236
217	237	-107
201	92	24
175	-107	143
-14	-142	86
88	50	65
-28	22	-71
38	246	17
182	248	180
-86	-21	-1
34	16	32
184	-117	-108
-179	38	-149
-19	31	-220
58	191	-247
41	-145	190
159	-177	-145
170	110	183
41	73	-62
-236	-79	-106
157	-177	112
125	-158	-31
165	-93	-71
-128	-201	-198
-104	-197	-48
176	-85	111
-142	57	-17
-134	241	-33
80	-214	144
247	-6	-51
227	-141	-64
-197	-70	-52
-152	126	-117
127	-160	167
-125	-183	75
-155	204	181
213	-237	-179
141	100	46
-211	-161	-35
197	-56	-154
-62	135	84
102	66	110
-200	-220	-158
-120	188	102
125	12	88
-159	95	204
-116	-188	-121
-33	-167	-170
-133	-31	-83
16	60	-160
-173	-247	37
181	104	61
-2	112	194
-67	-185	136
-48	184	-130
-149	210	-214
58	16	-56
145	-69	246
193	-56	-233
148	-3	84
-244	108	-80
-160	-101	-180
100	-113	66
-144	-143	111
26	-118	69
229	139	-136
-223	-6	-28
-149	-71	108
-19	-60	-201
195	211	-39
-41	49	-71
-104	-80	-172
-128	130	-213
-44	-111	189
-165	-185	-85
-136	-239	203
122	-19	139
-186	28	249
-27	57	-203
-89	-215	127
77	53	-64
-88	-130	-247
96	109	-176
-185	-33	245
-79	85	-9
31	85	-228
72	-202	116
-216	23	-147
79	-51	-185
-119	-17	16
53	3	-109
-16	-167	174
169	200	-123
-218	-169	-40
83	-111	-245
-123	41	219
-203	-86	-232
226	-136	166
-88	168	-175
105	153	28
66	124	55
100	-56	-211
-46	157	62
-217	-93	-181
57	-75	-153
-99	240	-27
-29	-124	186
-166	-250	24
-240	177	122
170	-124	166
225	-57	79
131	-239	-227
-184	143	-180
237	110	-67
199	-8	-115
-245	-22	-33
-126	-220	113
126	-91	223
-69	71	180
-125	48	70
-193	62	56
-111	183	-7
-17	250	45
102	151	-75
-94	-202	222
199	134	-101
41	-220	-90
3	-209	213
-52	50	196
51	174	-224
-61	36	-48
-69	-81	126
122	-131	-27
130	228	23
98	-155	27
-237	-150	-34
-218	-20	-65
247	-29	-159
211	183	156
-134	191	-35
-192	104	-49
-166	220	-8
113	-92	-183
154	-134	71
68	54	-48
2	-202	18
38	93	239
-200	-185	176
20	-111	-232
-198	237	-205
-160	-90	166
-197	-177	185
-20	170	-192
43	-72	-8
-175	110	164
95	-15	-92
102	139	-157
-42	94	47
-131	80	170
-65	-29	192
230	3	60
-51	-113	-140
-85	-191	58
-230	-55	175
-232	-8	-56
219	215	-217
-30	86	-91
-133	128	180
-35	-239	158
237	120	107
-7	11	56
201	-68	-176
-30	119	96
63	-93	220
38	-102	176
87	-154	-73
9	-10	89
80	-116	153
102	17	99
141	-106	182
-84	23	-229
-70	-90	-181
215	220	-43
-123	-110	233
-52	-72	157
58	-222	-115
-207	198	-35
66	-70	-144
74	60	-12
106	83	-14
-105	-123	-122
-164	116	197
124	-69	123
-169	249	-118
-122	-161	231
-36	-27	169
157	159	-193
156	-230	-14
-87	165	-189
102	215	153
128	135	101
123	199	3
11	-208	90
-215	73	250
145	-128	-59
-122	-88	43
67	7	33
180	83	43
104	-72	-101
197	-119	-4
-162	37	-51
38	-76	192
-154	75	-96
225	197	-25
-201	247	117
-167	163	69
-152	154	94
128	-125	-203
48	-164	-180
73	-211	45
-193	-123	-146
-62	143	-127
-11	245	50
119	-116	-182
226	60	105
-96	-28	-189
214	-249	-70
17	-164	-181
84	246	115
160	19	-162
80	-135	-25
195	-90	210
-202	196	-27
-131	96	-149
97	19	-210
6	-112	133
-242	75	97
64	-41	-222
-243	53	-79
83	-144	-207
-40	-157	-101
180	-178	-55
52	192	184
7	-24	-159
-24	247	-99
220	79	157
50	-180	-20
-247	7	90
-36	37	144
-150	-147	56
-247	-96	-172
245	215	102
163	-66	63
122	-32	130
-74	125	149
-223	119	121
-67	16	1
225	-193	-134
130	66	-161
-12	155	-11
185	-8	1
92	-219	38
161	-111	-11
175	28	20
-221	-49	6
114	-143	-48
-136	-40	168
240	43	165
-205	12	-90
76	67	-175
-122	162	-25
118	161	-13
89	73	188
-65	28	-36
-30	-78	-199
86	-30	-159
84	66	-95
-241	-189	1
-202	-6	101
120	-190	180
-66	230	119
159	174	-132
-182	-11	171
5	-140	118
-209	248	217
227	131	-90
161	14	104
-25	-198	134
-56	-134	212
-200	199	-86
27	-63	-32
-47	68	-150
-24	135	-114
-229	135	127
29	-7	-65
16	201	213
184	115	188
250	-39	183
-106	174	-145
-98	142	-209
63	22	-83
146	2	15
131	-85	68
-74	53	188
-170	133	-193
12	-107	220
245	27	-40
39	241	-210
121	127	-210
108	-15	-127
-249	-154	-27
6	243	185
-171	-41	35
-38	18	214
242	-183	-73
38	-232	119
-223	-205	109
-202	171	151
74	88	-66
-96	-76	73
133	231	-37
-118	-17	-190
-87	126	-110
35	-186	248
241	-68	157
-118	117	80
140	-235	142
-19	47	192
38	-69	-238
117	-160	28
-123	-90	-129
-77	-134	-231
-33	230	238
27	-146	90
225	46	-169
-14	-192	-231
138	-220	108
59	-221	-49
-67	-222	-52
166	-211	28
-225	226	-38
179	6	151
-105	-182	59
61	-45	-225
93	-118	-171
216	-176	-108
185	59	230
-174	199	35
-236	163	56
171	-117	124
224	-203	-1
56	-140	190
-138	-148	233
-184	116	248
246	248	139
-195	-62	77
77	-199	-172
51	122	-43
119	-227	39
138	212	-113
-151	-26	-13
-9	48	103
76	-115	208
41	-17	-228
195	21	-155
7	-198	-12
175	184	31
113	189	210
71	-98	124
-242	-122	28
-132	-185	-23
-127	-129	-131
-2	18	-183
-68	-159	88
199	136	227
226	-249	75
-246	-81	-152
154	4	79
183	-1	-156
73	156	56
-101	226	119
197	-91	-152
244	147	-141
142	194	-233
218	-140	97
143	-40	-73
-82	161	9
121	3	-148
-244	217	-102
167	231	-59
-110	-147	37
100	-240	-162
109	94	-173
165	99	-214
-186	241	-208
242	114	108
-30	145	-5
112	111	-71
-31	32	25
-221	-234	90
-139	-219	207
11	-27	-146
243	79	8
239	-143	-156
-112	107	-187
45	-173	-133
-2	-180	156
45	-187	202
177	239	206
-35	113	-198
136	108	154
148	110	-2
-177	53	-133
-192	31	121
-239	148	235
167	5	155
-144	-170	-123
-91	149	183
-105	218	-68
97	103	-78
129	206	-200
-46	169	142
-49	-155	13
19	-232	7
17	-55	225
-40	14	-218
212	93	-163
-217	61	131
18	-61	-239
145	163	-1
132	46	-149
93	247	39
232	65	-111
119	61	213
54	229	22
190	230	74
34	-172	-105
-122	159	19
134	-139	-122
-205	51	184
4	-45	11
186	-166	-11
244	110	96
-74	226	5
150	27	-52
-116	7	201
-216	21	-249
163	55	-97
-123	140	-165
-128	235	14
87	184	24
120	25	-128
-105	-163	243
140	-44	199
41	-49	18
71	64	19
202	220	102
17	-193	-15
68	34	-229
50	-129	-197
-153	4	239
249	-49	-59
-203	-144	-88
-152	-220	15
-29	36	-231
-150	-6	168
227	175	-63
181	-227	-83
250	-96	-204
116	-5	225
-11	130	83
192	245	-183
193	-211	-184
-9	-229	-223
-152	-109	-203
204	-215	62
-45	83	75
185	29	66
-245	63	24
165	176	125
49	6	-44
190	87	19
-120	248	-134
230	110	250
-19	241	-199
222	156	6
-201	-206	-134
-73	90	195
-144	4	-170
166	-26	237
114	-141	250
167	106	-222
-248	148	31
-3	-248	59
-169	-56	91
-249	-34	150
-14	69	-161
-177	116	-133
12	-61	234
-136	151	179
-235	54	132
189	66	-103
-85	-227	-87
205	-196	188
-151	-88	241
-111	-197	220
184	65	106
118	92	164
-40	-221	-13
39	138	-37
117	125	-127
-90	52	190
-22	203	-146
242	77	-142
-204	93	15
171	238	153
173	163	-74
167	129	-111
234	55	225
3	13	-121
-45	-173	229
219	142	214
200	-171	199
-208	217	66
211	94	-137
72	155	62
101	70	-173
136	60	97
-96	77	-46
-36	218	231
62	-121	244
154	21	165
3	221	-85
-179	151	31
 
