3	250	1065
155	-65	116
161	72	-1
182	-92	160
-94	-10	74
-250	-224	-143
-53	-90	-211
-222	53	230
143	-14	97
-76	-231	-70
180	128	-215
-218	-72	-240
87	-211	184
-72	-76	-29
229	204	147
39	34	-154
-154	74	-243
-25	-88	193
223	-227	200
167	-124	-31
-89	-211	168
-163	118	96
138	-35	186
-204	-215	-66
231	-133	85
146	34	-216
-86	188	48
-29	231	92
54	-13	48
-80	-147	146
-170	53	-124
65	-201	-86
170	160	-159
-94	177	-231
155	125	-43
140	209	3
-161	158	-68
174	-189	-110
49	-44	-159
-176	-89	79
-168	27	-76
38	-200	77
-56	-119	-36
147	249	-29
10	-204	-51
207	90	216
201	-48	-205
-124	209	-18
-145	20	-216
-136	-85	197
125	-130	-207
95	-112	-15
-199	-13	-127
-183	-67	20
141	125	180
-204	185	-232
-127	-120	-5
-59	118	157
-185	-16	-146
-49	-55	11
82	95	6
-206	133	151
104	82	188
-89	-202	-37
-121	-205	-5
-202	14	-241
-238	-33	-128
-208	96	-233
-166	-195	201
-152	-51	-61
52	132	7
-37	-77	116
66	173	204
-48	-233	-5
-104	-86	-235
-158	44	-48
248	122	-213
-221	-102	-100
-235	-197	150
-174	-49	-170
74	121	205
-7	-32	-161
-148	116	-48
165	25	144
147	189	137
-227	171	220
-220	49	-35
77	-166	45
-71	-77	111
-52	38	-63
37	81	80
9	232	-170
223	188	103
-103	132	-93
-88	147	20
-59	120	-204
-10	-133	197
-116	-149	246
234	-20	190
59	-70	181
-202	-29	135
120	176	142
124	-221	-217
177	-173	-153
151	-57	-204
-96	-87	202
-239	-112	-44
-198	-52	119
-48	-98	-231
85	-114	-36
-212	40	-8
31	-9	111
223	87	91
-149	-49	109
-109	83	-185
65	-83	-169
-72	26	197
221	-72	-171
-73	-62	-221
-3	-50	-52
-66	9	5
173	153	-26
204	56	197
47	189	172
236	121	162
-209	124	-114
-214	-30	-96
115	-103	236
172	23	-40
206	25	30
223	-20	211
-30	-197	-98
56	51	99
-143	-34	-99
91	-83	-163
-208	172	-243
236	-38	173
-80	219	160
4	153	-56
-239	176	-15
124	-4	-136
92	-157	181
123	-70	63
55	2	225
43	-92	235
-21	-116	-33
-50	74	111
-74	-211	-171
-208	-48	170
-241	201	114
5	-29	-221
242	-235	26
203	-38	74
-42	131	114
233	52	-222
-202	31	-8
-124	-60	-178
13	-115	180
152	-29	234
36	223	97
-236	-20	-155
187	-65	-33
-6	227	58
39	-213	74
-68	12	35
-38	-5	122
-166	185	128
-142	-55	-68
245	30	91
-130	119	80
-18	72	103
202	-179	36
-171	-18	-139
-118	211	-159
26	158	79
204	-90	-184
-157	181	125
-27	-181	-19
-44	-37	-195
-162	-21	-131
103	-79	42
233	-42	-201
-108	-10	141
111	-218	96
-29	81	-111
-112	-173	-66
173	191	-241
-83	156	-233
-32	-143	124
218	-227	-123
-65	-247	117
80	-72	16
44	-26	220
183	-30	145
-99	-125	-69
165	-18	200
106	227	170
-186	90	-139
157	49	166
-143	-204	-198
166	91	168
-214	228	42
-246	-35	178
-22	-97	-93
-10	41	152
107	167	168
-89	-245	18
-219	124	152
191	-30	188
-231	-226	-125
-209	40	44
-166	152	-70
-49	-2	71
-42	89	108
-64	-101	-50
65	191	21
183	-233	236
199	-214	-20
-98	-206	-6
29	-248	-227
60	250	-150
-164	40	199
-168	241	-78
105	107	-197
-236	-90	128
172	227	-62
-38	220	209
-101	-38	-241
169	-80	-107
245	-174	-8
-184	-57	-151
165	-166	177
124	-3	84
-114	-99	138
-139	208	-250
-71	12	193
178	173	-237
-150	170	142
-42	147	-170
-5	-90	-151
-181	-82	192
-110	139	223
75	-169	-106
4	160	76
126	132	-85
-247	-231	-57
57	-28	97
151	7	42
-153	-118	-191
-60	-114	-115
-119	136	145
-134	-130	91
-105	59	-30
178	-218	-12
-101	-6	113
131	-19	-138
-89	78	-90
-202	163	56
-126	236	87
-136	-205	-38
-1	51	-206
-99	165	228
-186	45	198
-112	152	242
231	-174	-51
-206	173	22
62	160	12
75	34	-150
29	137	77
-117	65	-38
-137	-39	-133
6	12	-103
123	-125	235
198	-176	-147
-138	-63	-46
135	116	167
211	30	-128
-14	-170	-53
-9	-139	126
-136	-50	134
-59	-111	228
-91	-88	32
-147	-165	-249
149	172	-79
-95	-212	41
91	-200	126
71	-15	-91
-182	130	156
-121	-227	241
-189	95	-28
245	-164	120
-124	-53	59
206	86	-172
-181	137	-227
237	25	-71
184	248	57
-97	-241	-91
196	160	81
117	202	234
-70	109	93
34	57	-94
-128	206	-203
213	-56	68
-140	-40	-124
202	-20	-35
-125	199	-225
93	13	139
24	178	-113
207	140	-241
22	223	172
-187	-190	13
-97	247	-84
-30	-81	-134
93	-105	-123
-235	207	-117
-221	200	120
-54	-207	20
-94	221	158
211	206	161
227	-23	53
-24	-149	15
-168	186	80
-15	-166	241
-228	-103	59
235	162	120
102	-29	197
240	90	14
90	-41	-2
-184	191	-247
-88	63	94
-5	201	128
31	56	-139
-130	215	-205
26	-229	-107
206	59	248
148	-21	48
-74	2	170
127	176	10
247	84	34
39	62	63
-134	9	98
-46	107	72
10	196	43
74	-23	183
-111	-165	-100
1	85	219
-169	61	-109
-108	35	-123
-250	-128	172
222	96	-213
-32	20	247
1	37	73
-37	134	-133
-58	-34	65
-28	187	-144
-153	40	181
-162	-40	86
-82	186	246
-152	-153	63
-15	-159	-215
70	-51	12
-50	111	-91
-247	-176	175
22	43	172
112	-23	212
49	1	160
-111	-51	220
191	-183	-240
134	196	-173
108	-141	-204
179	15	-134
-198	-186	185
-232	-78	-53
103	-76	-172
-206	237	92
-43	234	-72
-61	-20	-82
-116	-169	-46
145	243	-63
17	-224	-179
-166	175	217
-133	-161	-59
-183	-22	165
216	-83	47
-219	166	-37
131	-189	-94
-136	58	105
191	-206	-32
-159	-149	-54
18	145	-118
223	173	80
11	156	63
-126	-40	-158
53	122	-182
25	-193	-1
52	-157	-221
-128	-81	38
119	220	-162
155	-166	6
-219	197	-246
111	-77	136
56	72	143
-215	-184	-43
11	-115	-72
69	-170	-191
-44	249	-43
-241	-135	58
-206	192	56
-154	78	130
-219	-163	-249
-125	-21	-136
-153	191	99
-83	30	17
154	-181	162
112	124	-168
-248	156	165
-97	-226	-55
21	-19	-157
122	61	114
-39	205	-142
101	-62	-79
-129	-42	127
-61	7	-81
152	-166	-48
-33	-239	-95
-98	46	-221
-78	190	-207
16	-183	-201
-85	52	161
23	99	98
-26	121	-88
162	124	-87
62	-94	142
-7	-25	-93
26	179	7
165	70	-150
-151	228	-70
196	-158	-241
-129	176	205
-129	-117	40
165	-155	-154
10	57	197
-225	240	200
145	-205	-45
-211	-54	-3
-83	-104	146
-206	176	-110
-196	-229	-143
15	-89	174
-194	-149	154
188	-230	196
-137	173	38
-149	-21	41
-181	-53	184
-183	139	186
-67	-16	223
37	-155	-122
-181	-250	-183
-231	97	-200
-196	-18	78
-158	214	130
214	-150	-16
-248	112	-245
78	-63	7
217	171	110
158	209	220
-149	-52	-233
-159	134	27
64	-143	-172
163	-135	68
-29	87	-78
82	-22	217
229	-95	237
114	-62	194
183	45	-248
-120	95	-14
113	-174	159
-183	-217	-189
-221	85	-248
27	52	-174
-201	172	-85
101	231	10
-242	55	-43
133	-110	227
74	32	30
49	5	104
113	-104	-132
227	156	25
-249	-199	-160
81	-69	171
-129	-216	-10
-14	-91	-236
-115	-190	55
189	-207	71
-238	12	135
-164	-1	-17
55	-246	84
-190	-6	-236
-116	-84	152
-2	170	-95
-187	-242	-217
197	219	195
77	-199	-91
-7	-59	-68
241	-246	-169
52	68	-239
-217	-121	-162
-73	77	87
142	78	-138
40	-68	56
-177	17	-42
161	-3	-65
-68	-72	20
225	-98	-117
250	187	-7
-109	-238	223
-95	-92	12
102	-231	82
160	-110	135
-216	222	218
-179	136	-16
-161	131	-38
184	141	182
-53	-172	-175
-220	-165	-118
-216	-66	30
-178	129	-197
167	-235	-127
164	-53	61
235	-210	174
247	112	126
92	-21	222
-24	153	7
39	164	60
108	237	-9
-91	86	16
60	-204	128
54	-15	17
-68	203	-181
-176	-158	170
88	-29	-95
211	55	-160
-203	-140	166
-236	-18	33
99	69	-241
28	-90	-207
-79	-153	7
140	-193	-232
-135	147	199
-250	-161	-160
-169	206	-2
77	-157	96
-176	34	-30
-88	-224	-37
-141	-61	-38
-50	195	-201
2	179	240
-10	-107	106
5	169	134
-169	201	94
155	131	27
-250	-57	229
-65	152	158
217	72	23
-134	-31	33
59	-142	244
136	-246	-106
165	-49	-149
-176	186	-38
30	-170	-181
-176	206	58
218	177	51
-70	205	84
-184	-204	239
122	-182	195
219	169	47
-81	-55	14
-166	-198	9
52	99	-240
65	-191	74
-101	-211	236
-234	-68	129
51	115	204
95	-166	218
227	21	-228
117	130	-181
175	10	-237
59	57	-50
131	211	79
136	22	55
84	188	-214
-183	214	249
-104	75	-62
-68	218	-137
-181	201	204
69	-148	-212
21	94	-214
24	116	-55
-11	-87	-110
80	-164	-126
58	-217	-87
-19	18	93
212	-60	-221
158	156	77
193	-133	223
8	-223	87
-94	-10	-103
40	-204	199
1	-128	249
137	-88	184
230	163	72
150	101	73
141	76	-18
-183	-87	116
-232	-50	99
13	-138	-167
-147	104	25
34	247	-137
-40	-19	-60
167	181	-23
-18	-109	69
-109	90	-126
195	-92	228
55	182	82
87	3	213
39	-35	167
129	-78	198
-235	-155	-98
25	-40	171
138	240	9
157	-137	60
-182	-123	106
-136	111	-222
-222	-97	-247
-149	-90	-141
-183	-96	126
20	-101	242
-191	117	229
119	-71	147
-17	112	-189
145	-201	-223
-140	211	-243
-250	-27	-90
-28	-58	-9
-23	190	83
88	242	-52
-202	151	204
168	32	66
-196	-37	-62
176	-232	175
-109	29	12
153	-41	-175
-146	-153	-238
216	106	-33
-13	-235	-224
-209	102	194
-244	164	73
124	-166	211
-107	92	226
131	132	20
-20	-28	-114
246	-241	40
127	-31	225
-208	-249	193
-218	19	194
250	142	40
239	-100	-28
87	-45	216
161	89	-106
165	-239	-12
-121	225	-26
-198	77	-230
160	-190	193
232	161	-163
82	179	-173
228	158	-124
134	-16	-38
-12	149	80
-29	6	240
126	175	-182
198	-246	-125
32	-133	-208
210	-8	96
120	-241	-125
113	59	-142
-11	-55	-156
78	-157	38
233	-186	41
198	-95	-244
-39	66	235
-91	120	147
-152	82	-179
224	-100	90
17	-125	160
-187	-235	179
-13	6	-157
181	155	243
13	67	-210
168	98	-12
191	-45	193
157	-228	114
-224	-68	20
77	190	181
-173	211	-109
142	228	-11
191	3	204
-170	39	159
-54	82	26
245	-39	28
71	-114	-43
57	-138	-142
102	111	247
96	104	-83
-189	-82	-239
31	5	75
213	-143	159
62	5	211
-59	-112	-114
91	-171	-33
40	-168	222
136	203	201
143	-119	109
-114	-235	-227
218	138	-210
-87	-192	-149
-86	-136	157
22	-61	-119
-238	222	-227
142	66	82
-27	-198	-49
132	234	116
-48	134	119
-158	-246	-77
-78	-101	240
16	-229	-50
-45	35	181
219	120	-176
193	-179	-20
155	-239	184
-80	169	84
189	-107	211
-68	48	179
98	25	-40
-61	6	166
29	149	24
143	231	-203
107	148	179
-147	151	-37
114	79	-143
-136	-101	-110
-5	-107	-133
88	67	-110
28	-249	63
202	50	-158
-56	214	82
-67	128	151
161	-173	178
-181	218	-29
-73	234	13
211	133	-56
-86	115	-57
97	-223	65
53	-173	221
45	-238	236
-149	-179	-197
-133	56	-109
-81	-138	-144
148	215	-59
122	-90	-212
171	-46	108
-111	132	-133
141	151	-62
-170	193	-188
-202	183	-73
-92	210	15
-26	-187	-145
-82	46	-116
116	-250	-103
36	179	-97
77	-182	-96
-104	157	109
214	147	-60
240	-156	139
6	244	-44
239	178	-66
6	122	-104
-128	-84	65
-77	-153	-11
81	250	213
8	-91	242
20	180	131
42	171	-85
-212	-184	-151
-191	230	-144
-218	-111	86
219	205	-189
-100	-119	152
183	-186	194
227	99	-72
-115	-221	-35
-210	-148	174
130	96	120
-41	213	-30
-77	-21	36
72	-6	-9
-76	166	86
250	-194	-178
-213	-16	-170
-180	-76	-236
4	-45	132
201	-227	3
118	225	-10
-2	56	-250
137	-227	76
-249	-196	-93
-217	-158	-219
36	61	169
29	107	67
29	165	92
-152	-35	-229
-237	132	95
150	-136	-98
-79	-210	59
11	17	1
135	22	-72
-50	-3	-118
181	-108	104
230	-4	-244
125	160	249
-163	146	-140
221	-58	158
-55	-133	-222
-192	-140	151
-168	-52	-210
-34	89	115
-79	-43	-181
101	185	-15
220	-36	-65
-170	138	-45
-98	87	-60
86	88	175
-150	-175	240
-89	216	119
-146	-5	226
-162	-231	115
104	29	213
83	195	-210
156	197	173
113	-246	-13
-117	98	126
107	-172	-97
105	33	-87
-21	11	-141
-202	-147	-236
-109	103	19
-53	191	-8
-41	-113	239
-72	-198	-105
-203	93	36
-110	-166	-123
-215	202	-147
-179	142	-18
11	91	143
3	-6	-128
-59	-54	-100
138	147	201
-190	-47	-193
153	224	52
-79	-91	110
-140	188	107
-239	8	185
-240	-232	100
-143	-91	37
-48	-215	216
210	60	-32
104	-38	-158
-91	-216	181
3	-40	210
-164	-32	-59
224	-148	39
156	67	125
-13	-195	-66
63	-137	-3
-117	-90	-18
-155	-193	104
-31	-103	-133
5	180	181
34	-185	-201
24	-74	-216
247	154	127
167	127	177
-35	37	-22
-29	-141	80
106	-201	109
-6	239	11
-206	5	235
-225	88	-52
-142	81	-50
6	-166	-177
-222	243	-156
91	-80	249
-90	-187	-138
51	75	21
77	-51	-247
171	137	226
71	211	-179
120	125	77
-197	-67	-84
49	-244	179
29	-167	231
104	-64	61
-173	2	-219
9	-206	-52
-221	222	-212
-244	46	124
-74	-153	181
-229	108	65
-182	-115	-29
-202	178	-174
-120	70	236
111	117	188
-105	-229	230
242	108	-200
-222	-43	-83
85	75	229
106	-179	-138
-166	-74	117
-231	235	-150
-86	227	-34
78	207	-63
-79	-132	58
-105	-91	102
-14	-216	79
-154	-231	-60
-175	228	-137
-117	112	-46
202	-183	61
-148	167	-12
59	-234	138
-50	96	14
-100	199	-160
-115	-75	171
-221	26	240
138	-60	-53
62	-227	-69
124	-13	-99
-21	-22	-47
14	-167	-200
-74	36	-11
-100	-123	165
-69	71	-90
-140	124	-18
110	78	131
10	155	64
208	130	-246
201	117	14
37	174	242
-19	220	-134
-177	39	-120
114	-17	30
53	-91	-195
-184	-168	153
-231	241	114
66	48	198
169	124	-127
-81	-103	-150
81	152	31
236	114	23
177	69	-80
222	42	60
-53	150	-176
81	-127	-60
-153	-118	47
208	144	-118
224	239	32
106	139	250
-190	171	174
-182	185	-174
-28	68	33
-136	79	39
18	-218	14
-64	-188	26
-43	118	242
-106	124	169
-189	154	-102
102	89	-181
-220	-171	117
51	-200	171
144	-21	-140
-85	98	-62
150	177	222
-10	11	-248
179	56	105
115	241	-41
-163	137	48
107	223	49
-157	-62	101
-59	-117	161
-184	80	250
-174	-247	189
-93	-78	234
231	-63	99
186	-25	153
105	121	197
156	-18	-28
106	-81	-77
-127	202	45
-11	218	-36
-30	169	-95
8	179	-207
34	-129	-25
-93	95	-198
-148	-80	198
-156	-22	-181
-188	6	-132
89	-75	34
109	-27	-97
-36	-61	-245
-245	-148	8
128	-85	13
-165	-67	129
200	39	90
-211	131	63
-191	108	204
-206	-161	-185
-21	84	-231
212	232	199
54	-238	174
172	133	-145
-225	37	87
73	-25	90
-213	-136	-103
-204	241	118
164	-29	192
234	129	59
-77	-112	87
-39	128	146
-22	242	-74
-198	32	209
-162	-73	242
33	-220	142
130	176	-184
-108	-88	213
111	174	-113
-183	-223	-24
206	225	137
153	-224	198
58	107	102
-102	-149	1
-164	151	-36
-104	-31	203
-12	31	20
225	-175	-125
-154	47	60
217	174	179
-230	-214	-36
-229	-215	193
-16	-149	-235
52	129	-225
139	250	158
-72	-232	107
-144	150	213
158	-223	-6
-99	75	-160
-99	108	53
238	92	-53
 
