3	250	1065
-118	232	74
-78	-39	-228
217	239	-105
117	-145	-186
238	231	249
-62	215	19
-246	-195	154
222	-125	-36
-208	2	-48
92	2	166
-127	141	227
-10	-21	-39
-210	215	-70
-149	-249	-207
131	233	223
58	200	-192
-128	104	-238
-112	-226	-196
136	120	-235
64	-196	-108
87	49	-131
-245	210	79
-212	-237	71
-143	-54	-161
2	-209	-171
-41	81	211
-146	103	-2
-68	-46	113
180	-95	-83
-65	223	-187
148	123	13
-150	-189	223
-28	230	102
170	-47	149
-231	-201	-92
99	-84	47
-231	-91	-28
10	-19	168
166	78	-82
183	-60	169
-198	-75	-189
84	166	-220
-50	-130	-230
3	-157	215
-53	-153	104
77	125	155
145	203	6
76	113	-4
-192	-84	152
200	-221	-24
133	19	-74
-126	179	-145
6	-118	-71
-4	114	-235
26	219	124
248	-154	85
-15	-66	47
-117	-203	-207
89	216	242
227	-146	229
-166	192	154
-118	-28	160
-3	-54	59
88	-79	235
90	-129	-250
-69	-145	-136
-66	-12	178
-81	-178	-167
-159	225	-236
-247	-144	-17
191	31	140
-226	69	-45
-16	125	148
90	173	9
-214	62	-207
226	249	-200
-148	-50	21
163	-218	-190
94	240	-126
165	29	3
-40	234	-60
-191	-247	-184
-26	-101	103
168	4	243
-233	-21	86
46	-181	-79
-240	109	174
-59	96	213
-164	229	-126
213	-4	-3
-144	-35	-75
149	130	-103
-184	111	18
-18	185	57
-126	53	81
22	-245	-105
-89	-116	-125
-114	121	38
210	-35	244
-93	-54	-137
243	202	-232
-93	136	-63
-144	191	-121
-241	31	172
-68	138	153
-191	-54	35
-120	-243	218
183	104	235
191	26	-86
212	77	19
-199	-221	133
65	-13	-26
78	-128	89
-118	-122	-148
85	196	234
183	-9	-234
99	57	139
-110	-166	-211
-71	96	-14
126	-134	193
122	-171	12
232	-85	-60
-204	68	64
56	86	-136
66	180	68
12	160	-226
27	247	46
233	-69	71
-88	39	-171
-158	-173	-154
31	-192	101
217	241	-112
16	59	47
172	-193	-68
-67	73	97
162	79	-219
-129	51	-174
218	-78	-59
44	-85	106
-35	-244	-94
-158	-126	220
-59	18	-105
231	-226	-245
203	-34	-243
-80	180	-163
64	218	-2
-87	-152	-158
108	-114	-141
10	-106	164
172	-243	238
-211	230	16
103	99	-11
176	-147	-8
197	8	-16
-169	181	173
-204	-225	67
78	40	-178
-232	225	114
-150	237	-118
95	-15	58
-106	124	-48
-2	170	25
147	-239	49
-120	127	-76
-115	-138	187
245	-10	231
27	183	-242
-125	9	-238
13	-138	-92
-10	-240	-21
54	-157	186
107	226	-50
98	152	-171
-50	-87	-77
25	-184	192
-222	-184	-11
23	-75	-186
-235	22	-113
-94	157	-24
121	73	131
-166	-89	-194
136	19	-237
-33	-76	182
84	-74	-195
-54	-113	-64
-195	90	21
50	-152	34
-196	-6	-200
165	235	-3
-100	144	108
95	-22	-123
-130	-210	40
-38	191	-17
-167	232	-153
165	190	-137
-54	198	-236
64	192	106
-115	-143	41
-50	-46	-89
194	-129	-118
44	-205	-168
176	195	171
-131	163	168
28	93	117
237	186	-163
-111	-42	51
67	-117	-200
-228	76	-143
177	212	32
-87	242	25
-132	170	153
-211	-127	191
136	201	180
-218	26	10
88	-155	7
223	-35	235
-199	176	-171
-244	-222	-95
-222	-217	219
246	-53	191
67	137	128
95	211	19
159	93	77
-196	-237	44
-201	-214	-61
235	32	111
-205	-178	-83
-79	101	25
232	-49	-26
34	165	-207
-69	-40	204
-52	106	-214
67	158	6
-130	44	158
150	-102	35
-28	-15	130
-18	-246	-137
-136	197	-123
-250	167	229
28	222	149
153	106	110
-63	105	-50
164	220	-126
-222	111	-80
-248	45	-124
242	10	-57
-154	103	249
132	215	-53
-170	-224	24
151	172	-86
225	-60	-202
-176	64	-95
7	-148	111
-224	75	86
39	-224	-181
67	223	-58
11	181	30
1	-112	194
224	-144	-173
-69	179	-220
248	-119	-189
22	147	-123
98	3	88
139	-87	153
57	-215	222
-243	211	143
-125	38	-176
224	-186	179
-71	-115	130
-15	233	-240
-10	-2	-164
180	57	217
-33	28	-241
-4	-159	81
-158	-146	-238
101	141	-248
-194	222	237
-216	110	-67
173	-75	-64
-9	115	-91
-242	-112	-239
-70	-126	-155
-195	-63	-11
73	-208	-230
84	30	-15
72	154	99
-229	99	128
77	-22	144
-4	245	-235
-158	-153	-179
159	53	-124
-9	-92	1
218	-51	100
137	142	16
-21	-33	-238
170	114	-22
-196	130	-226
24	234	-1
-146	231	-31
-246	122	-188
-203	241	-7
109	-229	6
34	199	5
-173	-217	-79
109	124	52
-190	60	-113
73	-143	124
100	10	247
203	-217	-35
211	29	-37
-134	-14	-203
141	31	129
62	209	-116
-127	16	126
74	6	-73
-3	-151	161
192	36	151
176	-111	218
-200	46	75
-30	98	192
143	-15	250
40	-195	20
37	106	247
27	70	-73
-221	-55	-11
2	-87	140
-120	224	-245
-169	-120	94
193	223	-187
-179	-45	-17
-65	-208	-47
-3	-79	204
236	136	157
-197	243	-77
96	186	-195
74	-189	109
101	-146	145
-92	-128	248
-102	153	41
78	-131	234
173	-67	-48
-97	37	-86
103	-183	106
-149	-34	-214
-238	40	130
-79	234	189
-66	111	161
-129	205	185
46	-203	151
-8	129	-152
-9	178	-197
-72	120	-71
-235	-150	-126
-36	-180	133
-48	196	154
162	92	-181
-68	110	105
-59	-76	-25
-115	-30	89
-22	-14	223
177	-124	-146
-92	-48	-43
71	-245	-210
5	43	-234
119	-62	-213
146	163	49
225	113	78
152	-129	-7
65	228	229
-248	189	80
-135	-175	-229
213	-190	-111
53	-109	47
-244	34	249
241	80	7
136	174	-211
-113	70	116
-143	-162	-182
-210	-215	185
26	-177	-96
69	-132	-59
206	109	236
144	-225	-7
-227	123	-193
178	-106	56
-159	-206	-185
133	191	39
-213	-155	96
-197	206	-132
18	45	-67
126	-226	-161
241	-75	86
-150	155	-1
-4	-71	187
-96	227	-98
117	-176	141
172	226	158
104	-155	-6
84	154	-201
-73	135	-136
-85	-164	111
-59	112	71
67	222	-230
-202	-160	33
-61	-2	205
-132	-7	165
-89	41	216
-235	-74	-57
93	-97	-42
-195	58	-223
-151	-137	-65
-218	-174	-135
111	-4	-26
168	-246	-199
-237	51	142
37	192	187
-20	-37	-243
-122	25	177
55	17	71
172	-46	-114
99	218	-110
105	-88	-217
-20	113	154
22	64	19
155	238	123
187	-149	22
-225	-38	-179
-71	154	33
-227	-122	-107
-72	-118	-161
248	72	109
111	92	-79
-208	103	-116
-33	53	88
-61	120	169
182	62	-126
-82	-192	85
-123	-188	220
205	210	-99
92	-159	16
-64	62	-141
183	184	-164
136	-217	81
-152	-160	218
-146	44	224
-241	118	165
104	240	200
-160	-143	-9
-247	-150	124
29	-46	-118
107	198	38
-38	-182	85
30	108	-235
-3	94	133
201	87	77
240	-196	231
-122	-6	-242
48	-23	33
-65	238	-148
-142	-132	7
-199	-167	21
98	-140	72
-102	-154	-60
149	-29	-192
-226	111	119
22	-19	-7
-123	-92	-30
207	-246	65
-220	29	59
148	51	-139
105	54	-227
2	-218	-63
193	-118	203
37	103	-111
123	-161	236
-219	-31	-72
-166	-143	136
-185	116	166
219	159	-152
-15	-128	-75
18	107	-30
-7	-218	-64
190	130	-103
154	236	-134
219	79	-15
43	-96	10
244	192	-29
-44	-24	104
122	32	-105
-143	56	247
61	-142	170
-132	208	-47
-135	-59	155
-107	77	-65
-130	-225	207
201	193	-198
226	145	-120
153	-191	-193
-89	-35	225
55	125	-31
68	202	105
177	48	13
180	222	-9
-21	117	-221
51	75	92
244	-153	45
-217	-94	-164
48	-69	-205
-244	-212	99
181	8	193
-115	-82	181
-26	-146	191
-172	-173	149
-108	-223	52
74	-118	16
-45	-4	186
73	-188	-12
-93	-48	60
-81	-31	-12
-139	60	-66
-9	121	209
60	-168	-59
207	23	-233
56	-94	-186
16	114	231
-36	-27	177
-116	30	189
110	57	-143
-247	-128	-250
103	210	89
141	76	134
89	187	-133
147	220	38
-196	-59	-238
171	-93	-141
-116	-67	7
-103	223	14
216	-148	-94
114	133	-214
-32	248	-47
102	122	-40
-185	-223	-147
-72	-173	-44
71	-39	-113
237	170	-188
6	193	-66
219	-236	159
11	-5	-38
-35	240	-3
88	10	-62
218	47	-96
-219	-60	132
243	-185	-70
-245	-24	229
-139	9	11
-103	1	-100
-95	-3	-1
41	-122	109
99	-147	122
78	-32	52
-141	84	86
-182	126	122
-107	142	124
-63	-100	173
227	3	97
-114	-232	-161
-69	153	-67
192	-191	60
91	-218	160
-78	-129	-88
-2	-21	-161
-104	-38	35
-88	-170	-61
207	75	184
202	165	214
-218	90	141
11	105	-148
-165	112	45
191	215	-104
-209	32	-105
-42	-40	33
-42	-178	-139
65	139	24
-138	-54	246
182	136	-108
229	99	-218
-46	73	63
96	-75	175
-150	71	91
221	243	-154
-7	8	59
-110	-65	-162
-209	-94	-247
170	113	2
-29	228	57
-142	63	93
-40	146	-176
123	-27	-17
51	79	92
-115	117	-77
6	-190	-195
-209	-180	-128
57	4	-223
-52	-173	210
243	90	-166
-202	16	154
128	-72	224
-201	11	-107
55	136	-153
-63	21	-217
193	-41	243
141	65	-177
218	-20	-142
-55	247	-111
85	74	-159
28	245	-39
125	232	40
183	-63	128
-50	-192	67
-49	233	-151
-206	62	198
220	207	20
-118	190	178
-65	-64	-7
209	-21	-139
61	-183	234
46	-147	21
181	23	-218
-174	-82	45
-87	172	39
-148	91	-199
-196	-144	-22
-245	-140	-199
-195	173	48
7	-190	-182
-62	-52	-11
138	44	158
99	-143	-33
-6	-63	46
2	105	-239
109	81	-2
-5	161	-195
246	-114	-90
27	-181	-44
130	-177	65
68	-82	-164
-221	205	97
-113	-112	-224
-184	-167	79
187	-119	-181
-84	54	-237
184	95	142
140	123	119
13	-9	-176
96	-172	34
-181	6	-74
-104	-187	42
2	-105	-173
130	231	-6
221	-168	163
25	125	91
46	-145	-30
137	142	100
58	-143	50
-54	-169	-39
-51	198	-107
235	-91	-43
9	64	74
-177	-181	-228
-98	48	94
-119	-65	215
-123	-190	101
-97	212	-92
-5	-248	-147
158	-72	-189
-19	77	-17
243	175	162
-122	186	-77
179	110	145
-216	250	-189
106	20	224
95	245	200
-121	-210	224
-94	-103	189
106	143	31
-192	152	51
-190	119	-48
-177	-245	96
-230	35	121
-199	-128	-190
11	114	-137
-114	218	-29
-46	-33	147
160	163	-123
79	29	-23
-4	18	59
51	193	-54
-232	149	-192
216	-200	38
234	59	-146
201	-80	-172
-96	22	193
-58	-82	-195
-125	177	-185
-30	248	223
-79	-205	130
-250	-59	-121
-238	16	53
167	140	-189
-16	83	-202
-38	87	159
-17	86	-181
-108	-16	-153
174	-115	58
66	-232	-193
-222	-8	37
-2	192	-209
-70	186	-2
-141	-20	64
60	-198	-11
-202	185	-238
111	-66	-104
55	69	-118
6	-182	233
98	-190	62
88	-143	210
238	241	90
-23	-114	-156
104	-175	129
201	-92	-199
-37	38	-32
20	-101	-153
198	214	-75
-50	207	-169
-187	244	-4
25	43	241
219	-59	-204
-82	-115	-108
150	-18	-168
-231	133	-205
-188	43	3
-32	-68	99
-129	-20	132
198	-76	117
77	125	-195
-241	-48	5
-33	-7	171
149	120	128
-130	54	247
246	149	-3
17	55	219
-42	37	242
73	147	228
-232	-57	-161
36	-221	82
-3	14	-144
42	-65	-209
-133	-60	-110
144	-192	-51
-157	-138	-66
-197	-147	-48
-208	-233	-179
-123	-31	-47
-123	-86	124
-157	113	178
-126	-4	-208
143	128	109
235	-241	110
215	95	138
128	-174	207
116	-20	-16
199	-85	-63
-136	-140	-172
-47	-136	240
-27	-102	180
246	22	95
198	44	121
192	-236	165
-8	-28	-223
-4	-238	-47
8	-216	224
139	-175	-112
-35	-126	-198
36	-246	-206
-203	-246	154
-202	187	90
244	-178	-241
67	-221	51
-192	-206	35
-64	-166	-23
-91	117	-139
-247	-36	105
-162	-207	-12
1	162	136
62	123	-15
-36	181	47
-102	106	124
247	-5	-221
189	218	-102
-174	-65	34
-118	184	-53
-3	-210	19
141	-162	116
-51	107	153
105	118	-97
160	200	-22
-77	-17	203
93	180	204
118	63	-157
-153	-233	65
-105	198	-56
-5	-22	192
50	45	-185
-8	-173	10
-133	124	108
231	173	55
-26	105	82
-222	112	-78
104	123	56
238	168	-151
202	-96	-142
-66	157	-98
180	96	-21
-141	-105	9
223	205	213
-93	2	173
227	-73	211
234	-150	-179
-141	-48	35
-194	216	207
-233	-182	8
-210	-143	88
-3	-200	206
-111	-94	-161
147	187	-120
110	-75	141
-132	190	-198
-26	113	114
95	154	-161
159	196	-90
-237	159	-7
-183	157	177
-45	-151	-149
-225	-226	-96
-38	-138	-90
59	152	48
-51	211	229
-14	135	-4
-104	-17	111
-93	189	-228
71	-124	45
-190	-239	34
22	-229	9
161	-244	-67
111	-35	-156
232	-36	94
-99	93	-20
7	32	214
-67	-218	99
101	-99	75
228	-168	-77
103	-43	72
107	-182	-115
174	-14	-139
-63	248	-225
179	232	79
235	156	-64
139	-133	170
174	-127	130
-189	212	25
-75	27	11
-174	16	-219
-225	-210	129
-10	-136	207
-166	137	-67
-220	125	-192
44	-200	239
-9	160	-20
-218	-63	118
30	118	202
-11	28	-126
-177	52	101
-225	-73	-197
226	177	62
158	-131	-130
-111	-238	-215
-138	116	24
-25	-5	160
221	224	-46
-45	223	27
112	-192	-241
48	64	46
158	77	82
-187	18	54
-129	93	-92
-159	-129	115
79	2	-106
201	231	234
-112	-235	49
-34	96	-191
-49	161	86
205	138	42
-217	-214	-94
232	107	126
129	-55	-188
28	-229	-99
-154	-96	46
-59	122	22
-44	54	-124
-12	213	-201
-137	-60	109
-144	76	97
248	-79	-124
-37	-26	249
55	-206	47
-136	41	139
245	170	-138
-93	-107	-237
-161	162	-243
243	-127	143
118	17	88
-68	6	-34
113	-189	249
67	-65	36
-247	217	234
187	-123	-132
-138	-196	-149
63	12	184
-186	-178	152
78	235	92
176	61	219
201	-221	-44
93	204	206
113	-200	-244
-139	248	215
77	235	-149
-143	243	203
130	-185	48
-151	74	-12
124	-227	-180
177	33	223
58	-222	8
-104	37	-34
-212	-22	-67
155	-39	131
72	-54	-120
60	-187	169
-167	-50	-113
194	-161	-5
165	39	208
132	-194	139
199	48	-205
193	-33	-200
38	-176	-60
-211	-101	232
-3	27	48
159	226	-84
-13	35	-232
-111	-127	139
114	129	176
-200	-49	97
33	-98	-99
66	-224	226
-10	-47	192
-224	-80	239
219	125	84
189	155	121
-227	-87	-55
-17	144	37
68	-17	83
-92	-135	133
198	-138	-160
151	-18	-205
119	45	-231
-145	104	66
-42	153	-207
-164	-240	120
133	-64	-68
33	35	14
247	-6	-205
136	-247	-127
-53	127	-218
223	243	194
11	-113	145
125	-123	-12
-53	-71	-215
157	-215	-54
-4	-111	-156
-57	-162	-98
-207	-60	96
-186	192	101
-77	-27	228
-43	155	-226
184	159	-38
5	66	-33
-132	219	-114
-246	195	-11
89	118	-66
-191	250	-76
-202	-36	250
156	-18	2
3	-246	-65
-174	57	7
-156	62	71
-166	-241	137
-199	-130	41
-70	-152	36
23	88	-61
-101	-232	243
23	-129	-160
-242	127	223
-12	177	49
-169	178	114
-48	-236	38
-242	77	93
83	112	-216
68	-65	168
169	128	-186
76	123	175
184	-83	200
115	66	-182
-71	189	50
-247	223	-137
122	-80	-84
170	-127	-7
189	17	-55
-105	-168	-114
163	153	-140
12	206	-223
20	171	-42
16	229	210
245	204	-223
-26	21	31
58	-82	71
-195	-197	242
-179	238	10
-194	-52	-62
46	185	190
191	-157	91
83	132	-214
106	-47	-173
225	129	-31
-206	-91	-125
-154	108	131
-13	201	199
162	-132	112
64	221	-175
-35	212	-60
134	11	-84
82	-18	-153
-96	-155	59
-4	-53	26
-148	183	244
184	-226	111
218	71	-133
48	-196	30
-161	157	-72
-219	-233	-153
-63	-124	-220
-38	-107	-29
45	-24	-75
-94	-40	-134
136	-195	-202
32	-220	-16
-210	180	-12
 
