3	250	1065
2	-101	-224
59	121	223
-98	-77	170
206	-168	7
-204	-162	-231
34	-167	-242
-164	51	-15
151	162	-204
-172	-43	81
-221	100	-235
92	97	67
-228	-18	-111
120	54	-86
236	-46	215
139	-194	209
24	237	-120
149	48	-240
184	-159	197
-192	217	116
-16	171	-34
247	-68	-164
89	57	31
-221	249	-229
238	209	-176
-193	131	-128
155	-102	-239
53	-55	202
-154	103	16
92	7	242
225	53	238
24	184	-193
158	-54	215
-127	-41	-200
-176	15	226
25	7	-137
103	-133	99
-206	-53	155
-16	-39	82
-184	107	19
-244	48	-57
-46	-162	-48
245	-163	-149
98	-195	21
-247	232	43
149	54	150
-74	-24	114
212	-143	-50
50	-72	151
-95	131	8
-230	-184	-67
195	36	-202
-114	215	76
119	-125	122
46	-40	-137
-67	157	106
62	232	103
196	154	-71
-71	-186	-21
198	250	-6
6	119	89
179	64	-107
-137	22	49
104	113	50
91	3	5
28	-92	-176
242	-131	241
243	49	-89
-156	-110	245
-211	-75	-52
-21	198	-229
124	-55	-61
181	-145	21
-151	91	137
-194	-7	196
132	-242	-62
41	-61	180
74	-106	-226
121	-26	1
128	114	54
-188	240	-15
125	-140	-13
136	-64	-44
22	28	195
70	-162	228
-147	-172	-76
-114	46	64
64	236	117
-26	-119	51
84	211	-247
-148	-230	153
-147	-4	-120
-13	194	206
-153	76	172
37	-130	23
-14	89	-85
240	-209	230
80	181	53
88	-213	-179
71	-202	104
199	-249	-133
-9	155	153
-97	-94	2
-3	-217	-24
156	-47	-141
-53	88	125
130	129	-195
102	213	-53
-164	116	147
126	-202	169
142	-13	145
-55	78	143
207	211	221
190	-227	-198
-209	40	-197
184	-197	170
-92	17	195
-242	-223	14
-46	171	-53
-238	216	7
92	26	-9
129	-196	238
-126	-172	-225
216	-180	-127
-235	161	-100
53	-187	218
33	-75	-17
-23	-24	117
204	-128	181
215	131	14
-7	-174	-46
45	18	-67
7	60	-238
125	11	-27
-159	56	-53
31	127	98
-68	-146	-100
99	214	197
235	212	15
-184	175	162
160	-128	159
-90	-22	155
77	5	-75
27	75	-124
147	21	-65
-91	-167	-39
-8	-15	-14
24	31	175
-9	81	-89
22	19	-196
248	-168	120
29	174	59
-213	-109	43
-151	215	177
166	-119	-68
-64	-202	-62
228	17	-152
48	-22	96
187	59	17
-163	214	-232
-125	139	-138
164	50	-143
-52	-134	-224
-200	161	-191
80	-186	203
-247	-40	-166
-10	-139	38
103	-5	-7
-208	102	-141
138	-149	101
118	207	56
21	100	170
-182	-104	127
169	137	-131
225	173	98
-91	-130	13
178	-183	-203
219	172	-56
124	29	-123
204	-63	80
109	229	-222
-225	-52	67
-130	-117	230
171	86	-118
201	45	-19
123	204	134
229	-50	-61
103	105	76
171	211	-124
244	-204	9
168	-106	-58
60	-178	-183
-79	-75	13
191	77	14
28	108	-220
-140	37	59
81	147	-187
-171	-95	-234
-236	189	216
-15	31	187
-188	-207	-92
-5	-235	76
100	167	-186
-223	86	-123
-18	99	-157
11	22	180
32	-22	68
-198	-62	232
-67	117	167
-65	73	-99
195	-38	-204
208	172	-243
90	226	-16
153	176	26
-70	-180	-153
101	-95	218
24	-176	29
-220	41	-32
-145	15	-65
-1	153	109
83	-171	104
-158	248	-249
242	-233	240
-162	113	-116
156	-34	-103
-23	20	95
-200	-227	66
-146	-154	62
237	88	-141
-52	-220	-207
-78	-7	-164
241	83	211
-135	176	-27
225	-48	40
-39	202	74
140	184	-63
-37	-97	29
-119	-38	233
-97	208	-92
240	113	193
-120	248	233
-129	87	185
-214	202	125
241	194	-66
73	-70	2
64	-3	-107
135	-63	244
157	-183	28
-139	-120	-68
94	23	218
205	-101	103
-219	32	100
38	7	-1
190	-176	-250
155	223	224
223	22	112
-113	52	-40
31	52	-147
-161	56	-110
111	218	212
-94	-63	-52
215	-250	-186
144	242	250
224	184	-173
72	204	34
132	-106	-114
51	-244	-184
-199	-197	-133
213	-154	-171
-118	-202	-110
214	-120	8
76	7	-245
142	-10	147
-23	211	20
-100	124	-219
112	238	77
120	-140	40
-63	40	110
75	86	69
112	129	-198
37	199	209
-146	188	163
-35	115	-101
3	-149	249
146	-105	-157
64	221	194
-46	-229	200
19	198	-116
32	-96	87
-59	-62	185
-210	-218	-89
166	-35	151
-116	-11	12
169	-160	199
86	-248	177
-138	173	48
149	243	72
-114	-223	-74
-230	-122	112
-44	-213	50
50	120	186
-134	245	5
19	159	84
-45	-13	157
209	-235	-246
-20	3	-97
-218	-233	-188
-83	207	-140
202	94	-187
-142	-209	112
-116	-237	-68
155	-159	150
-73	-212	43
137	-79	-186
201	-78	145
-128	81	97
113	197	12
111	-38	-142
210	-244	169
233	-8	250
173	54	-208
-230	42	192
-90	190	-55
-215	224	-214
-238	239	150
97	206	176
-49	53	-63
8	134	82
-33	-78	69
138	-198	63
160	31	-53
-106	133	-178
-60	-131	-105
236	-226	47
-128	-109	-205
37	-57	169
-214	-248	136
-113	225	139
-185	-101	58
-238	-32	138
-81	8	-90
-2	-60	-229
146	63	-118
-116	-214	-83
201	183	-18
-122	-205	247
-193	206	152
-65	238	-166
-165	137	159
234	11	-36
-241	-221	114
-80	125	23
-84	111	102
194	-207	10
-205	-187	-80
150	-178	149
80	-245	206
217	60	-113
-191	2	112
20	59	-2
-29	-198	117
-8	-41	27
215	-109	63
232	118	-123
-158	-88	35
-98	-216	-30
247	151	-31
26	-79	-32
208	-137	-76
57	137	-231
-174	144	134
-193	-105	177
-146	-153	120
-136	198	-161
105	-85	27
-3	98	216
163	-244	179
-130	114	-209
-23	-177	-145
75	242	-7
-174	-79	30
-214	-127	74
-199	95	-154
-104	117	121
-172	-125	249
-109	149	153
218	-3	-244
-83	-93	-53
181	103	12
58	-23	-186
131	-59	61
-150	-164	-101
-101	37	87
50	203	188
123	61	62
220	248	70
-128	180	-179
224	174	-171
-146	-127	84
59	210	-185
87	74	15
-244	33	209
196	30	-13
-152	-233	-102
108	228	210
238	181	-108
-33	40	244
84	-207	-129
-52	114	-217
153	-207	-113
147	-236	-138
-216	20	-224
-60	-95	-192
-172	-243	18
-24	-49	72
-94	58	56
-166	-29	64
124	-48	169
-219	157	-103
-101	-68	-48
243	47	16
-92	193	107
-229	205	-143
8	-238	34
-108	-75	147
-113	240	-146
207	130	-117
159	-13	-153
-179	168	-160
-41	135	-207
-36	152	-194
-106	236	-111
169	207	158
-244	-186	235
-36	188	-146
-197	161	87
-121	-198	-102
126	-88	107
101	152	-50
-98	91	136
179	-30	170
-131	40	-209
-132	-146	215
-103	29	26
-100	-212	171
-245	-133	-33
-176	28	240
-12	-142	156
100	-233	-113
205	-236	-189
-128	-216	-26
111	-56	-201
110	-202	-102
-99	-28	214
-189	-107	85
21	-110	-47
-130	-206	-171
90	97	-232
-205	-52	177
-105	61	-111
3	-152	187
-19	50	-42
70	-120	34
-15	179	111
217	-199	-126
-244	-183	-69
18	-250	39
246	7	-188
-88	72	-91
-13	230	135
55	-52	-247
-112	250	-227
-218	54	-172
-68	171	52
-95	131	44
43	-72	-154
-17	-57	-135
158	174	247
58	147	1
-173	-150	250
-68	-171	89
-107	-226	90
-184	-127	219
10	13	195
-129	45	150
-145	79	-198
17	-156	133
151	80	-229
168	19	197
113	156	112
-41	-177	-201
146	176	156
130	182	-131
-42	220	-158
-56	-195	92
-40	-248	-51
-241	-132	-137
197	-39	-99
-218	-189	-120
-61	-232	146
26	-189	102
-38	169	-219
-91	11	166
-90	-56	-2
-161	242	-56
-170	-248	11
-34	-96	-66
-47	171	-109
77	-65	174
196	-238	12
-161	50	-70
19	79	91
-27	83	-171
-57	-145	-243
82	-126	226
-165	-38	-157
229	228	31
-70	-88	-149
-169	30	112
150	-91	168
-232	98	83
90	-60	20
187	-199	-169
-52	107	-172
206	168	-22
168	-24	-54
43	250	195
143	-56	-22
203	192	67
55	-61	2
33	102	-68
-221	-145	228
239	-100	153
220	-113	234
121	42	150
-166	-151	185
-211	208	-182
-35	111	-238
-229	-90	-11
-52	246	-39
-33	34	58
-4	-227	2
73	-199	235
-208	115	195
216	128	-66
-161	111	-216
12	81	209
137	-88	-71
-226	106	-71
240	40	25
-238	-204	214
-186	-183	-122
16	-82	226
43	179	229
10	-87	-93
137	129	89
141	-17	-193
150	176	-220
-248	-55	-101
30	-179	-35
8	-100	-55
106	91	154
-186	-3	239
-77	125	-56
-126	131	153
-87	10	-214
-27	212	4
-243	195	-109
233	177	-110
-13	-230	92
-30	226	-105
-157	143	-172
17	65	-126
-110	30	152
181	-81	234
-117	25	-99
181	175	-108
-34	-102	244
135	86	-70
41	236	-218
-148	124	238
211	-26	181
-248	162	118
32	-206	-179
-239	33	-219
-169	-206	-99
162	-163	219
-109	-228	9
-69	1	35
-231	90	60
174	214	72
-216	32	-186
32	-233	145
-119	28	-114
-181	-5	54
-106	-127	-63
-201	115	214
-54	81	72
-61	-239	58
-139	73	87
42	168	165
37	-46	-178
-89	-236	-58
-190	-244	167
-78	-57	-131
203	-40	-109
-181	-249	109
-20	167	144
119	93	239
193	67	178
-60	-105	-228
-108	179	181
-53	129	-28
19	176	-219
-54	233	46
100	148	-215
-9	-182	143
50	-201	-130
-203	-166	-113
-151	-226	-134
56	-55	-120
-234	141	126
128	-129	224
194	158	-37
208	-229	-185
-64	-230	195
126	234	217
-25	-236	-175
-120	-187	37
116	200	94
-191	105	-248
-212	-163	231
-225	-188	75
28	-56	-5
179	-78	-197
40	-68	-92
35	165	-41
-105	-67	143
247	243	134
-248	234	174
182	46	119
-153	-118	236
148	-238	145
119	-164	-103
99	162	-142
-73	38	193
-13	-214	144
-77	54	-14
-81	-213	94
-92	63	169
131	157	63
-100	111	-87
20	-185	-47
215	-237	103
-66	-11	-130
9	-125	-120
195	48	-78
24	61	121
212	59	-12
132	-182	-192
224	-174	61
-61	-189	56
-74	244	157
-220	26	-60
162	-222	108
40	207	-198
-108	-111	131
-9	72	-93
-167	-235	183
153	-128	-245
-34	21	-184
173	-228	94
-152	150	-164
152	-232	-165
108	111	-8
79	-154	-10
247	57	-107
183	11	-146
-26	-157	-192
70	-98	-10
66	29	-34
205	-38	225
-58	-61	94
163	182	-6
4	191	95
-143	-83	74
95	-112	153
-153	-230	-91
-96	178	102
-203	239	-193
108	-89	-61
-128	108	77
99	-10	-198
190	-37	-122
139	-189	-160
-69	12	-4
-53	174	-107
-237	219	146
-128	4	123
171	184	-48
-246	-83	214
249	-14	183
-241	130	22
223	-192	-89
205	-112	67
-204	-187	164
177	185	138
-162	-31	-161
18	-139	166
239	-188	-218
136	143	97
174	236	217
92	-7	-37
-226	208	91
-248	53	-12
-125	244	-94
-5	216	-139
228	118	-240
216	-96	-137
-131	-234	2
-93	75	-102
-90	50	-110
-212	249	5
131	228	-220
-217	165	-190
-77	149	214
-73	-174	59
68	114	78
-196	-197	68
122	-179	15
-200	-223	220
-173	-224	-228
-61	224	243
229	-242	-5
-147	28	146
-232	-39	-16
-5	124	141
112	165	20
-163	32	-56
134	-223	240
73	117	88
73	192	-145
167	211	210
184	46	81
235	-95	32
-87	-96	227
180	235	236
-15	-205	243
249	160	-52
-122	244	-19
-14	95	93
35	199	239
52	38	-233
50	11	-118
25	211	-122
-41	128	-224
-138	-152	-192
-154	224	1
-95	-67	23
-90	-193	-74
91	-26	-66
-57	-46	84
-212	-76	-229
-225	58	-63
110	-174	184
-161	186	187
32	140	-203
-241	138	-187
-178	-157	-246
-35	36	151
89	-18	245
144	24	229
-55	-44	178
174	184	-170
133	147	46
-189	20	-101
-108	36	-168
-8	-133	-136
173	-54	-96
237	-35	103
-138	74	-125
178	145	173
-53	105	144
-100	26	-77
152	-104	-13
-109	24	220
120	190	-151
-54	88	-104
220	126	232
25	-223	202
-183	85	112
160	-188	64
-58	-33	-186
118	-200	-87
-198	20	130
238	-239	190
223	50	-194
135	168	-206
32	197	-135
-26	-244	-149
-11	-131	193
-207	-202	-134
74	-122	-161
215	224	-186
-229	117	225
82	-32	-249
-107	189	-180
-233	-164	-40
132	158	204
48	236	-162
-140	-195	-215
116	75	-135
213	-48	137
-233	-73	-238
-232	-187	230
75	-99	37
235	-102	-79
-93	109	-191
59	93	204
40	-10	-30
-112	227	87
-152	250	175
124	-212	179
-197	250	-131
243	85	169
11	216	46
171	-15	-61
166	-119	142
133	130	-82
173	22	212
-161	-56	-32
18	-74	-160
-8	-84	-23
232	60	86
-190	246	-137
-218	-247	-237
144	220	-213
-207	-56	-215
-186	202	-22
188	20	-24
57	103	191
200	25	-43
-209	129	137
-124	19	230
32	205	-24
-10	-101	232
31	106	-61
-246	66	12
-161	127	-114
-144	53	-84
47	118	-228
64	-99	239
9	167	-161
-116	210	40
-108	-243	-113
69	-206	-88
-180	-47	-6
-14	-180	-94
-87	65	-102
187	151	193
20	-160	57
13	135	86
195	-66	-187
181	-77	-201
-234	-139	-144
28	207	145
-125	76	235
-217	39	103
-39	7	168
-233	-23	-9
111	227	-152
104	-185	-41
-125	112	-172
-68	54	6
106	-26	68
-59	12	242
-175	-120	-237
99	82	243
19	126	61
-68	217	130
-151	138	42
-195	-22	-176
62	84	214
62	-123	148
227	214	226
-135	-249	193
-233	85	62
41	-78	-132
-26	194	108
-183	-42	217
-213	-32	-63
196	190	39
-56	-138	131
173	168	205
-34	-23	-62
-64	144	-240
81	245	-137
172	-59	122
64	-168	180
39	-232	-44
59	-45	-118
-245	1	-162
-115	41	-223
-248	-157	136
-198	214	65
215	-123	90
-249	166	-12
74	-160	171
-13	144	170
232	19	58
-91	225	-246
-191	-55	-81
84	-37	5
-95	-76	187
224	-165	-89
111	-149	207
-232	-9	203
17	10	116
-39	-187	123
6	-153	184
56	33	-7
133	-54	-220
165	5	202
-77	64	-229
-218	-44	-61
9	-194	15
-227	-88	-142
139	88	-134
133	-195	223
20	111	-56
63	21	137
164	-13	179
184	-98	189
-227	-71	-250
210	202	5
209	-94	37
186	-85	87
-216	-73	144
-210	116	152
103	25	36
-124	247	160
234	-28	164
115	107	126
-90	-221	-131
75	-34	219
177	-14	5
166	-158	124
133	92	-122
-23	-190	103
98	5	-67
74	-41	-221
175	43	52
-63	5	-120
-66	-35	159
202	36	-94
-226	176	-250
-91	-179	169
170	-40	45
-9	-39	93
5	-159	-66
56	152	94
181	189	27
-140	1	43
242	-49	54
-115	219	168
-98	-123	247
39	-109	34
69	97	-115
-127	23	-203
190	-221	-136
-202	-248	76
43	227	112
191	-111	-166
-210	99	218
-80	217	-45
-168	-26	-192
246	16	-107
176	33	-10
37	-47	81
79	38	-75
67	-171	-174
-139	159	163
-144	192	37
-137	69	-171
-75	152	-168
48	91	221
-238	-163	31
126	-120	-72
-166	221	-116
207	-196	163
153	-61	-174
241	-147	90
-55	5	138
-72	200	11
183	-39	-1
178	-46	-30
28	-159	-85
135	234	218
63	182	202
-129	-51	-72
-99	-73	-12
-67	201	89
115	-203	2
83	38	-43
-68	240	213
105	218	181
-46	162	55
-152	178	74
14	-93	-87
-218	194	188
-39	187	24
-73	-98	31
249	132	23
-121	48	125
155	72	195
-148	40	215
41	-81	114
-165	206	226
219	149	-58
95	10	-234
67	-250	26
-47	211	115
-5	-197	28
240	-103	205
-209	40	-70
-177	-145	170
236	-222	51
-173	136	-29
-6	-105	-15
20	111	250
-9	-230	-223
18	167	-119
-151	-190	-135
92	146	105
66	-124	-118
143	-221	149
-12	-167	247
129	136	204
14	156	239
-125	-77	-217
161	-34	150
-140	160	-215
150	-168	-86
-196	195	56
-28	-188	144
174	-90	-68
121	-38	-125
35	-73	82
20	122	209
142	84	-208
-70	1	226
-102	195	162
-141	-64	159
-236	203	206
-215	-169	-96
59	-23	-174
158	-11	-192
156	129	-35
148	86	-170
-115	-244	116
133	223	92
-53	-165	-12
-215	-140	-128
-217	-100	63
-83	67	-85
17	-159	-223
 
