3	250	1065
-52	215	137
-152	129	96
95	-50	-122
183	163	-216
-213	94	-164
-246	160	212
212	-5	160
-99	-67	61
126	-65	197
-223	-94	-140
133	215	156
125	58	-15
46	-214	-55
140	-59	-2
133	124	-225
-18	-143	158
-184	-112	-62
-185	191	139
-175	187	131
-58	-155	-32
195	57	-132
-52	155	196
-184	241	11
97	-223	-213
80	151	149
-86	-21	-120
102	-190	68
-169	122	-108
-12	-140	118
218	243	14
179	-190	-111
212	8	-188
146	-224	247
148	-164	180
-128	-105	-85
231	-150	127
89	-161	41
-152	86	-69
188	237	135
209	129	127
231	250	-248
-141	-180	107
26	107	-132
-65	192	-207
221	17	86
-195	-40	-106
-139	-38	126
-41	243	-188
142	151	-134
-56	-70	209
247	111	-58
-49	-191	-243
-4	-226	203
133	-40	190
-209	194	108
-186	-82	-134
-199	-233	127
151	160	-39
142	234	226
-119	-209	-58
-249	63	-224
-69	-5	140
9	-97	205
-233	-92	39
-73	41	248
-22	-16	-187
152	-218	-247
87	-172	-39
-97	-201	79
-174	231	42
-46	-132	-75
-225	28	191
-164	-156	-26
190	-44	194
19	102	-83
-119	69	-74
166	-25	228
-210	159	-203
-229	49	193
23	-85	-222
47	-14	63
70	-123	-137
93	-189	-40
-195	152	199
-7	-96	-100
224	247	-9
149	-187	88
-168	76	-4
107	-66	-79
-71	-209	-246
-166	-160	193
-139	-95	-247
42	48	-56
222	-112	-242
-201	-238	151
143	-74	-248
-145	137	-38
-121	-154	-215
102	-170	-81
-35	169	-235
24	7	-217
214	-237	-101
-170	-248	117
-104	24	-235
-182	151	-123
60	-110	245
241	95	-73
-55	-15	198
-237	-2	144
176	118	-160
35	93	-106
-116	-110	-81
138	-6	191
205	-164	92
107	60	-145
13	-143	-21
-105	-37	-249
110	-112	-204
-140	-151	-44
-8	105	239
79	134	-239
-239	106	-197
-185	-150	-33
19	90	-130
-241	-78	233
75	-58	-238
-223	-145	-95
90	-66	-35
-101	223	-74
109	25	-222
-196	-78	-8
172	112	-59
-151	-120	-6
-170	93	-182
138	182	-240
59	-218	-69
230	72	71
-228	-239	-221
193	94	-55
89	225	59
-70	-143	-49
-97	-188	20
-19	-204	95
201	130	-112
-132	-92	174
21	-239	151
18	-224	46
-144	-159	-226
8	98	42
-68	-234	136
-250	194	-42
8	30	142
75	-210	191
212	207	185
-47	-144	-20
236	-135	-28
42	-176	87
-170	-202	-59
-182	-107	80
-231	-75	135
-149	-95	211
-122	171	33
-76	-186	-227
29	87	-235
224	-2	-242
-184	-63	-46
2	110	96
60	144	-48
-164	-57	39
65	-138	-61
7	180	38
227	77	-136
-184	-171	97
-183	121	180
30	-84	-233
65	-145	-158
128	-174	-59
217	-179	91
187	92	-169
-211	-93	-21
172	248	54
62	-227	-174
-39	206	99
177	206	-100
32	-34	-5
210	-148	185
-14	-38	-10
-106	196	-206
212	1	180
-223	-126	36
165	-138	-159
-133	164	172
142	-206	24
72	-121	-99
4	-153	-70
-50	-45	134
94	-26	197
94	-60	-2
216	-228	-31
9	232	-114
-75	70	-38
-242	-122	207
-236	231	183
-148	-64	67
141	-137	26
248	-39	-116
-217	-239	-16
-47	-163	-132
-68	-47	-43
-179	116	58
250	-118	60
10	120	-44
177	88	133
37	135	79
1	-197	171
-79	151	158
-194	26	-180
208	226	59
-122	-71	9
-6	-151	223
216	-37	24
185	118	65
-85	-63	90
18	-25	194
54	-231	-245
-150	-122	-239
212	180	-31
-141	128	197
104	40	124
-142	-120	-79
88	-47	106
238	-182	31
153	98	-202
200	-182	12
172	121	198
235	-94	141
-192	-158	-42
-45	-78	-98
-219	-127	107
59	121	-208
-100	-106	-58
-102	137	134
-143	-154	137
166	119	-191
109	-158	-12
30	13	-238
-63	-105	-70
-4	-141	-82
-204	47	-100
34	-178	106
-177	22	31
-97	171	-139
-95	120	-27
157	213	203
205	-140	-199
79	112	214
144	123	242
-169	133	-227
103	-216	198
77	-177	-194
-217	-65	240
-1	69	-137
101	-20	59
63	67	83
65	-198	-230
136	189	-31
140	120	24
202	213	144
-127	103	176
-13	-177	-245
-208	-70	156
-194	84	144
-92	62	218
94	-199	-110
66	-170	149
-28	120	153
208	53	181
108	111	-102
-83	-190	121
164	25	198
145	113	229
143	5	-139
-113	213	19
137	120	55
-35	225	39
91	-181	236
156	-120	-37
-202	55	-104
-86	-155	12
-154	-197	47
65	20	-14
83	244	111
11	-239	-107
6	-45	-31
-89	88	139
-220	-94	-87
224	228	-168
-137	-106	-193
-119	-226	-197
-91	-82	-219
-47	-187	-92
-57	-143	213
179	113	-165
-24	224	111
100	-214	-184
-66	240	88
143	-180	-150
164	-82	240
214	-227	-69
177	46	155
12	179	-87
106	228	138
132	247	123
215	38	-53
-225	-38	-44
227	159	-87
-22	113	-150
200	250	229
-149	85	-92
-199	-93	-241
-150	199	47
158	-33	168
40	-142	-34
-72	113	238
117	13	-198
245	-156	-119
96	50	162
49	-147	-244
-236	-237	-71
78	16	-147
196	-117	-57
193	5	248
-207	-66	-1
-159	133	151
114	-184	-66
-162	-156	-55
-167	163	-218
18	-224	-52
183	83	-82
-134	-175	121
-138	96	-236
157	-231	-117
-110	-162	107
-110	-113	-191
80	98	249
168	-128	65
-17	173	136
-1	-228	-125
-21	-16	211
46	38	-88
243	-197	-230
121	-61	-134
-12	105	-26
-193	-33	-196
242	45	-173
-245	-113	189
223	87	138
9	109	-120
-214	-223	-166
-44	-117	209
-208	-190	-192
223	-138	244
-126	2	-200
128	-250	203
-207	-202	-195
-244	125	-81
93	244	-132
-178	-230	-127
108	-102	162
138	102	-22
224	-12	65
-48	-40	-78
-55	-54	-161
95	39	-237
76	237	234
36	43	-12
185	144	248
195	128	177
-240	-154	-147
108	235	231
92	-118	-93
62	-152	-82
182	-109	32
217	-203	-244
108	-37	-138
-139	219	86
-169	-133	205
-154	-123	-228
27	198	143
173	169	-109
29	-146	204
168	45	158
-243	-198	-222
-160	-151	53
-102	-130	-233
191	-32	-172
223	-203	-105
88	194	-176
218	-237	-29
-145	-18	120
96	-120	-38
-215	-148	70
-81	-88	199
-106	151	105
-21	84	-214
243	133	-8
224	-205	-100
66	-29	-80
-91	-22	-146
40	167	46
-223	57	-192
182	41	-203
24	-150	179
-99	-4	116
206	-239	-179
60	-214	50
-250	-126	-158
103	181	141
-126	-133	58
-4	82	-245
-176	-143	-200
-92	144	-19
-240	-199	-105
-184	105	-21
-249	99	228
-230	-206	203
73	23	240
16	-12	33
9	76	-116
-177	67	60
-215	-40	-46
14	-43	250
87	149	-33
-131	28	250
208	-233	-133
-107	102	-233
-129	32	-244
-149	-121	26
105	120	-72
171	74	-112
-247	196	100
-181	226	-150
52	-2	54
-123	-37	163
-73	62	-102
182	112	-137
149	-22	211
232	249	-65
-79	-199	-34
21	-215	236
-63	79	214
-184	8	76
208	39	20
20	-153	-44
-227	165	151
64	99	-126
-82	-233	243
-179	84	-88
45	-125	-65
-24	155	-123
222	-181	8
82	-39	-38
-124	125	248
-124	-117	-228
148	-229	-59
-179	-124	107
242	-53	104
-194	-1	-173
45	87	112
-177	-172	-45
161	120	71
-82	48	-93
-234	-22	-221
152	7	20
80	-205	-216
-71	99	27
182	-197	-131
-244	115	-229
-148	-173	-198
-211	-15	180
83	210	218
192	32	-30
29	50	26
-199	162	-219
122	-40	169
-170	-48	17
-220	-98	-148
-161	-199	3
-232	155	178
105	-172	46
81	143	-59
215	-250	-63
66	160	-180
85	77	40
20	-132	-12
-76	236	-127
-98	-49	-156
142	227	-64
-206	-131	236
85	-163	144
-80	-52	34
113	-33	166
-173	-84	53
-145	111	229
142	190	34
84	115	-62
-235	-183	-30
226	124	-56
128	-5	-71
227	26	-116
20	145	15
79	-247	-18
-79	-123	-92
-94	-29	205
-91	111	-115
107	-140	71
-205	-50	-80
190	236	-98
-232	-213	-27
-25	-218	-21
-65	30	-135
105	-51	46
17	193	119
-29	-24	144
-240	119	-75
192	-71	-244
44	-75	46
-111	-168	195
-96	-244	-31
44	198	50
82	18	-161
71	-138	205
119	87	-23
70	-161	-231
32	195	-138
171	-145	231
-212	-41	167
26	25	45
160	-250	-14
41	-95	91
42	52	35
86	-62	72
25	245	33
102	244	122
-68	-44	117
-211	207	76
-104	-166	-158
-184	192	-121
-89	-112	-198
233	-43	-246
-124	-161	-117
-45	-9	112
-79	118	-220
154	-174	91
53	-116	109
208	88	219
-21	81	132
-162	112	183
-111	215	190
-18	-119	-189
-185	-124	241
-26	218	-108
-223	-12	2
172	-3	26
185	221	-210
27	-31	-249
-45	209	164
42	-88	-26
-105	165	170
-222	211	-95
57	-111	-223
-1	173	-115
-178	-116	68
121	-13	-224
164	115	210
-200	-103	154
-78	159	205
-171	-250	144
48	73	-63
-21	27	70
-24	-234	-219
-209	-233	35
191	95	107
-135	-131	-132
-153	-173	21
89	176	-39
-184	-62	177
-76	-165	195
241	133	159
-118	-233	-139
45	-61	-232
36	-225	-103
80	113	-148
2	244	-84
-242	57	126
73	-57	-72
231	-195	-210
-35	29	-20
-108	-42	-124
-84	158	3
221	-111	-71
-27	-145	175
-143	-12	-153
-43	-52	-234
113	76	57
-129	6	205
180	74	-14
-228	202	-3
72	157	-248
204	185	66
105	-179	-108
-178	-58	229
-183	140	241
-132	-90	12
-120	98	19
-37	212	247
49	-198	183
66	72	233
-160	138	-92
5	138	-84
93	110	-153
-214	52	120
-240	-144	80
224	-109	66
35	-129	135
-150	60	-228
202	-114	19
87	86	-107
33	-143	-166
149	206	-35
109	-164	45
235	-104	-221
-32	37	248
-81	-128	174
-153	-124	51
-173	15	-228
76	86	-232
-209	120	219
-238	89	-192
7	-237	-40
121	98	212
-227	-141	-147
141	145	106
173	-89	202
31	7	-23
-18	185	45
-40	-9	-1
172	-107	-82
141	139	21
-128	34	27
-97	122	24
1	140	65
187	249	138
-201	166	-243
242	135	-30
-108	130	6
187	21	246
-32	-208	70
24	-177	11
12	-140	-152
-175	-16	66
35	84	-106
-102	117	84
17	59	-236
-45	-86	-24
-133	-51	197
-34	15	177
16	146	-128
-159	84	222
28	156	133
-233	-235	60
-23	217	54
211	-121	243
-250	129	143
-19	51	158
-159	84	-246
7	-35	-144
-157	194	120
209	31	-219
104	-21	-41
22	80	-226
195	55	22
-88	-21	-199
47	-129	10
6	83	-33
-188	-116	32
-151	-77	-134
-179	-2	-19
107	5	67
-128	25	-129
-113	-8	-88
224	-73	-46
104	174	-212
-61	157	-174
173	150	217
24	173	-45
-82	-40	39
87	1	207
-217	183	-163
83	233	-85
-87	-58	-67
-97	-1	174
168	215	-71
131	230	-126
228	203	-167
208	-89	-8
158	-66	178
-152	-118	20
165	-123	-12
-225	-143	85
92	-163	-176
-27	-95	-211
10	77	29
62	213	143
205	228	-201
125	211	69
-194	87	100
65	51	-101
114	-141	112
64	-168	-91
-171	-81	-170
244	-75	66
-117	-43	-157
-116	249	128
-91	69	-9
141	-3	-46
40	235	-1
211	-194	-23
-104	27	-157
72	94	230
46	-166	64
18	15	39
249	-80	-59
179	51	-246
-247	-103	93
39	229	34
-157	89	-24
62	-106	-223
90	-54	221
-85	137	105
46	152	17
89	161	176
-5	167	138
147	-127	-67
-120	-46	-93
13	19	106
117	186	20
-75	52	42
225	176	-205
248	-163	-212
-45	-150	204
10	47	238
-154	163	87
-24	-100	41
144	-138	-248
-40	-21	-35
46	-180	11
-68	112	-12
19	80	-235
-144	201	-13
27	96	-9
25	-135	110
-134	-234	-179
31	-156	65
-141	110	-73
-142	27	223
-81	-113	196
-7	-32	-97
-170	-207	140
-107	114	-215
56	158	243
90	139	193
-149	84	122
229	-189	-4
-224	-29	89
155	13	-147
-132	210	170
66	-121	-131
-40	-77	-181
132	-28	246
225	249	-113
98	171	-144
-26	-153	-51
83	-2	16
-171	41	43
-16	-86	26
-63	54	236
-136	95	-225
-124	84	189
-154	-18	-138
-224	199	85
65	140	-93
122	-231	7
-34	-40	-91
-69	82	-205
206	-1	-87
-80	64	-54
85	236	130
-99	115	85
128	155	95
220	67	123
221	186	187
173	194	35
-97	134	232
194	200	223
160	2	151
156	29	194
-142	225	245
44	124	-163
92	248	-186
149	-196	220
-57	-133	56
52	117	82
-76	86	232
-224	202	34
127	-165	-15
-124	21	126
36	72	216
-225	-193	-95
242	155	-156
95	192	87
-101	161	71
76	-124	163
-50	-215	-223
98	-163	59
176	-33	64
-64	-243	12
-225	44	-224
-167	135	179
44	-126	-13
225	55	234
-139	131	117
-250	-240	-129
187	-44	97
-216	227	-250
-180	53	184
-38	-230	-132
239	130	136
-80	-40	-55
51	122	214
179	-29	-96
-114	-229	167
142	-122	176
39	-68	-69
81	44	-96
-87	-22	-224
118	-248	143
81	-135	-147
35	201	-203
-79	-124	240
119	-4	-105
-7	54	-237
175	-168	114
-206	209	226
103	141	142
175	184	-63
18	-32	-52
234	-105	-56
123	131	188
-117	-141	9
-157	-139	-131
-204	-196	180
191	-231	125
161	37	42
-125	-214	-182
201	103	-25
-210	-242	134
208	-141	-240
-185	89	182
-17	221	-219
85	-53	17
-49	-93	-46
-192	189	137
77	-205	-153
-14	-197	220
-147	230	125
217	138	101
-8	-11	21
209	19	-244
110	42	120
152	170	244
-35	49	221
-217	-69	-51
27	171	12
194	-142	80
78	-122	23
154	-182	-125
-33	-215	19
-166	219	66
89	-87	-72
181	214	220
10	-222	-248
-108	-219	127
-172	129	52
246	-164	146
-216	-153	49
58	240	89
217	173	-242
-176	-221	-84
-37	204	73
19	-236	-199
185	229	-168
47	250	-156
243	-18	-176
235	-33	87
104	234	92
-230	236	241
131	55	23
-241	-86	-131
-49	-147	159
241	58	-107
95	-88	-144
-109	-116	207
245	142	135
-2	-106	-193
-33	231	204
-48	-159	-150
94	-103	-1
-99	227	43
-29	103	-205
118	-45	-176
132	-233	-148
-166	17	-243
68	-165	202
-210	-177	-156
109	15	-213
-23	-218	130
61	165	-69
-29	149	-50
-34	-219	125
107	242	38
217	-47	91
-149	27	4
-103	109	-233
-101	122	210
248	-168	84
-159	205	156
88	-200	-148
-176	-20	-86
150	-23	47
203	245	26
145	-189	218
171	25	-218
-47	-41	155
57	-98	100
-211	-160	92
-249	-90	-60
-235	-60	-21
87	176	242
-115	-223	169
-178	90	-107
-162	125	39
112	-74	-56
-150	-128	-118
-211	50	-214
-143	196	233
228	-20	-143
51	9	-231
-48	222	-61
156	-74	46
-13	95	9
-14	72	137
64	-138	43
226	-42	-86
32	-112	-23
-141	-245	-69
-16	-5	234
-187	224	-209
-94	243	-244
-128	-61	62
-125	-29	38
105	194	-33
159	33	-167
70	105	-177
13	162	-16
-118	-186	183
-184	233	-55
159	229	-183
-9	-165	49
-141	241	243
-61	183	240
-105	-22	-100
-59	-146	-149
-186	-230	-158
65	-57	-125
112	24	-122
218	122	-232
-238	89	114
129	-16	-66
170	64	-37
234	232	23
65	51	-162
-14	-106	30
213	-119	126
8	75	189
44	-102	42
106	20	174
-209	-79	-147
-99	-169	-6
99	-204	235
-97	42	-204
-12	-214	-180
227	-190	74
11	-26	-198
-178	-99	98
-15	232	-138
129	131	-209
-53	-44	129
155	-178	83
246	122	181
189	-48	76
-145	47	-30
-5	157	-98
-35	-1	236
-133	67	248
-165	-148	111
61	58	-74
-60	-14	-93
61	178	166
115	-197	177
176	87	174
-63	-138	-145
-73	-37	168
-81	4	238
107	166	-248
-59	-204	6
-70	-52	-220
118	-10	-234
97	6	-181
-136	-108	-147
53	-199	127
141	-250	167
58	82	114
-217	214	44
129	183	152
198	-120	-240
190	-69	-171
212	237	216
-114	-244	46
203	20	26
-146	242	-211
-57	6	-208
111	-74	-124
-158	-13	145
47	-123	55
-165	123	-90
-14	65	161
-108	-152	-98
132	135	-9
62	-135	52
215	-121	-151
210	-10	223
-144	89	-165
-237	-202	27
-173	-39	-250
-2	-120	77
61	133	82
-47	-147	-151
-103	123	-173
-244	41	189
199	-16	-214
-98	229	20
-241	58	168
113	122	178
185	-245	85
 
