3	250	1065
89	144	-33
-248	-130	245
-79	-208	53
152	-226	-108
-84	-52	142
234	71	221
-165	-70	-144
224	61	99
-139	-210	67
141	-46	-65
110	-175	-61
-95	106	-202
-129	238	244
-68	-153	-11
-147	39	-19
203	180	135
146	105	-181
31	-220	-183
75	-14	-100
58	45	38
-36	-208	38
-245	-117	-152
120	244	-213
249	-92	173
-98	234	115
243	95	79
-78	-9	-165
-223	52	-121
95	-103	-230
-87	-49	-140
-72	-177	44
199	34	-67
242	-236	-51
-250	16	-8
135	120	-9
223	143	118
-74	242	108
-139	-97	108
94	-209	45
61	72	196
-11	67	-159
202	156	193
182	184	144
68	218	-61
-189	-129	-69
151	208	231
-12	38	219
-2	29	199
248	-134	39
56	185	-236
39	220	-141
82	-41	13
65	-247	-139
84	-141	89
-230	-5	19
148	-168	57
14	17	127
136	-131	119
230	227	152
-153	79	-104
9	-191	150
152	241	-103
151	-153	-50
-30	-157	169
-31	128	-97
118	58	80
-103	26	48
-124	-204	-218
115	-3	51
-52	214	-153
37	-216	-9
-174	86	-158
37	164	-165
-148	-200	140
223	-35	-37
77	219	101
218	-8	-169
86	16	-122
138	167	-157
-101	-87	174
22	38	-74
205	-91	-166
-81	51	-161
159	-189	-96
-206	-67	47
235	224	-46
-216	-50	-10
-27	-2	26
-116	-113	-16
-170	134	48
225	248	224
-189	-21	119
-173	179	-42
24	-231	108
21	111	-170
68	51	-181
-111	-10	-7
18	130	-88
-54	-100	183
198	-159	235
-50	44	-112
-216	-195	-192
-131	-191	29
170	-54	205
-226	162	-2
21	79	133
-24	-51	-7
126	-165	184
14	-218	243
92	94	87
-73	201	-85
20	33	-240
181	-153	128
153	-10	-145
217	-36	-66
91	109	-213
65	-150	143
-21	80	233
-38	-85	-34
-161	-176	-11
105	34	-28
220	-144	-44
-217	-4	50
225	177	-210
-233	-19	95
-162	-100	-72
-84	-137	44
-98	-215	-31
-23	-139	-97
-151	129	-224
33	-34	-68
5	-55	121
76	-30	-83
27	-199	135
78	81	159
19	-107	64
-71	216	91
-59	-90	-52
138	223	177
-52	-173	188
241	242	120
-90	149	47
202	148	151
-231	-176	-70
-15	-249	87
216	200	-51
-166	93	28
-22	-224	14
20	208	-227
3	131	-173
-149	-48	81
79	48	-177
-222	-31	-173
37	223	-107
188	-65	-103
242	53	233
156	-81	-163
-32	-159	-203
-104	-181	-129
183	-132	-5
-220	233	-211
-68	210	-44
152	74	139
-10	131	-213
78	24	38
-240	-27	12
-164	46	25
189	177	-140
110	-40	-47
228	5	-161
45	77	-245
-121	-191	18
211	-86	-219
16	22	-38
201	72	220
-80	-132	75
-58	-99	65
162	-82	77
27	16	114
-40	182	47
232	150	-234
-103	144	-241
25	8	69
177	-46	-78
-118	175	-119
-16	58	37
-142	-215	18
-120	156	-121
-250	184	78
91	244	134
20	-127	-57
162	204	198
164	-242	180
-101	-182	3
193	-246	-65
-96	20	-11
83	-201	204
89	159	30
88	111	210
-161	231	111
109	153	-130
119	-137	120
-111	5	25
-169	-111	-145
244	111	-163
214	193	-122
-12	181	-63
247	114	233
-55	173	116
132	-44	176
-13	-112	203
60	217	-195
100	96	61
-87	171	237
-18	1	-81
-204	-58	90
171	2	11
62	223	205
-187	141	241
210	-112	41
-8	-214	-109
-84	157	164
-11	3	228
-69	198	-39
-201	-153	-11
10	-215	130
-21	-213	-192
-208	172	225
234	122	229
-171	63	-173
-98	-63	-95
-13	-201	186
-177	94	18
-182	12	192
180	-205	-117
231	-234	-233
-48	-225	-114
79	106	93
167	187	-133
163	-26	121
-200	-107	-240
-95	-229	177
208	-40	-211
171	-52	-153
219	73	-25
96	-52	-8
-37	80	-168
68	246	169
-245	216	106
-147	237	-89
73	171	-243
-20	43	56
-66	73	-88
-39	-97	98
-160	141	-103
-189	-135	100
-157	-235	-148
-55	-238	225
25	-11	-173
238	64	58
20	-250	-5
224	87	204
-23	-103	112
-74	-19	-94
-163	-129	62
89	238	124
63	-80	-140
141	-223	40
-86	44	-53
-177	-202	71
-112	10	-28
-38	-165	-213
-116	71	135
-190	159	-148
185	15	139
45	114	-69
-205	136	87
-80	179	-88
-68	24	-69
153	-199	-170
-100	248	-36
-90	-24	20
192	-19	12
189	51	-120
163	-168	83
4	-58	34
-173	-65	126
26	-182	85
133	-150	-117
-136	-69	51
5	-154	66
142	116	106
-83	84	-27
234	3	137
233	140	111
42	-113	164
148	43	223
-99	142	-114
-113	-42	-236
-42	-125	-131
163	199	102
-184	-204	46
186	-56	247
33	45	-97
-9	-86	113
-127	-151	219
231	161	-228
-131	2	-241
182	82	216
-16	-109	96
147	123	-235
140	81	-122
51	237	-189
-213	46	-71
189	-89	29
118	-113	-148
-63	-117	-79
122	35	173
50	-38	-81
40	-156	-242
-94	-57	71
239	-220	-165
-3	26	183
211	136	46
-196	45	168
-145	-206	162
-13	186	-39
76	-6	219
16	-142	-190
-73	129	239
96	-211	57
77	-189	116
-192	-197	28
215	-18	-22
98	-79	204
-183	105	112
-18	220	-54
-192	-27	191
51	-191	85
-38	-64	114
-46	84	-114
23	-42	-113
70	117	-225
-77	-136	142
197	-245	171
-69	-32	-156
-75	212	-221
136	107	12
-62	193	-233
-61	50	-185
-54	178	-202
138	184	-103
4	7	246
113	-178	-55
-36	-191	208
141	-226	245
233	-71	-37
-224	-184	164
-81	-62	208
-43	-193	-29
67	-53	176
-164	-127	180
107	-185	-43
50	235	-54
94	-163	153
-73	229	118
106	-203	139
-144	9	-35
-178	78	174
191	178	206
158	122	-98
-38	225	-90
26	153	1
-250	-17	-106
-216	187	-118
-40	-188	137
-250	-133	114
202	-45	-105
-12	-150	-239
150	83	-46
-111	50	-2
-22	-12	-42
239	-140	229
-227	164	-13
-143	248	241
-150	-180	-153
61	199	177
36	-72	-4
-128	142	-70
48	-249	-165
142	-86	163
-210	-47	39
1	-185	193
-160	-77	248
146	13	102
-44	-193	123
47	197	156
-206	83	-239
4	-247	-15
-106	-122	243
245	-226	-236
-226	229	170
-185	-18	-85
-112	-170	-169
105	-26	-17
-141	227	175
100	-70	-85
21	136	165
-27	170	-250
89	-151	-196
-54	139	-156
-85	-115	69
66	-154	231
-34	-133	-60
-67	78	176
-226	-214	11
-38	-92	78
23	-128	-250
64	-170	94
103	-215	-99
-133	112	137
-152	103	-206
76	81	-59
-37	147	113
-152	-122	224
174	-34	222
-174	78	-139
61	-133	29
-62	-245	9
-185	27	150
-19	200	83
-26	184	-87
-112	-124	-27
2	-54	230
-38	162	-131
237	89	107
-79	104	50
60	130	-236
71	21	30
154	68	-170
192	242	-78
-165	140	9
77	-114	-156
39	21	-196
-76	224	44
234	-199	40
-217	-162	239
-2	202	157
82	52	-126
4	-196	-169
-95	-174	126
-234	-201	-34
-15	177	111
-27	-165	175
98	-195	-240
194	-86	103
-191	-203	-37
-133	190	-138
117	137	136
86	-137	22
5	-97	99
-194	106	-20
192	-213	-134
-50	72	-130
12	200	-56
-46	-30	-56
-211	80	-77
175	250	119
-52	129	146
-100	75	-208
-115	152	-12
-141	-6	227
-123	-161	36
-65	-21	243
-220	-52	-130
-160	-72	-138
70	132	-189
83	-222	86
-232	-29	75
-30	-208	78
145	-45	106
-216	36	229
-79	164	50
218	-14	41
-68	-17	238
181	71	-167
133	-70	-168
-190	-52	-164
3	-182	-209
73	-41	-213
182	-117	210
-231	-35	132
149	87	156
-7	79	52
161	195	65
-12	187	117
-34	-16	-54
-20	62	38
46	130	192
-121	-5	8
186	140	-199
-72	143	-249
77	78	225
-227	-48	228
-231	-15	-77
-250	-135	-94
-182	-10	-97
93	212	-231
-164	-51	-31
214	-199	-189
245	-186	-23
-43	-66	219
43	-87	-66
7	-68	-191
-212	-172	107
38	207	229
-21	-88	-178
-93	19	-9
-48	49	-230
147	-49	110
47	237	28
137	67	-160
-236	149	-155
-158	105	246
-75	-239	131
5	39	65
105	200	-179
151	-250	-133
-2	152	-44
-80	113	125
39	51	-156
-216	-188	-169
128	-103	-183
-199	-160	79
128	-238	230
119	236	-77
-243	-55	98
94	75	153
203	33	-220
-149	-152	115
-154	22	-47
-141	-38	-191
-38	42	213
-1	20	79
-98	200	-5
23	-233	-179
-206	104	-11
-34	130	250
43	71	-87
-224	139	-88
136	-123	148
37	149	214
6	78	184
-72	-116	74
-46	-211	3
-49	-74	-226
57	-175	67
75	-227	189
12	-54	128
-200	-7	75
55	-188	-88
199	-191	150
126	36	98
-76	-57	132
-68	92	-100
-157	-98	177
219	77	-2
239	217	249
165	107	-100
-139	128	-83
-228	-177	224
-215	139	179
-179	246	236
220	245	-124
-59	-180	62
-17	146	-9
93	-14	68
40	158	-70
-43	54	-145
-100	181	116
243	89	-179
-179	-172	-242
-70	232	-129
-39	-50	-16
-119	-65	-68
-18	-217	229
-174	-146	-229
135	211	-153
-226	138	-210
-130	-190	-239
87	-191	-180
122	-59	-42
-22	108	-144
85	97	-130
-219	-217	140
170	1	-4
247	187	-198
221	-59	-29
-107	68	246
187	79	-51
-140	206	215
-32	52	215
-151	61	179
31	-110	-74
204	50	-208
171	42	-136
96	-149	-130
-225	-49	-192
232	4	95
-211	225	-115
-90	-177	242
140	-85	-237
151	135	-23
-77	20	250
236	-35	-245
51	42	-176
130	-157	-1
91	-76	45
109	-245	-102
129	151	-210
123	52	-204
-215	224	127
-125	181	129
2	153	-41
-29	139	107
150	-135	160
-74	147	227
-3	-236	247
-177	157	-193
172	39	92
136	177	-238
48	104	-67
92	-57	165
129	113	-227
24	2	26
-220	-165	230
-127	8	-113
122	-124	-223
105	-89	23
67	184	-104
145	-19	48
-134	102	15
-163	-166	-170
45	-56	-220
168	204	63
-154	191	131
-208	-198	206
-19	-106	166
69	35	173
-168	19	13
-92	-193	249
77	102	-11
-33	93	60
-66	-101	-85
49	56	-204
120	128	186
-182	-177	181
-146	-241	-98
5	-6	229
-25	42	-174
222	-88	-157
-22	113	-167
109	63	-19
-68	7	-126
-181	-43	-167
130	-118	-213
-23	-229	13
-111	50	-146
-26	181	-154
145	-18	197
-187	56	-210
49	114	145
144	163	-136
186	-67	179
-245	-113	-34
-34	110	15
159	57	221
139	11	-187
-23	236	45
218	70	126
-211	44	-158
83	-195	222
77	-137	-100
241	-184	-135
-48	103	29
-222	65	82
44	-122	63
-104	1	196
-102	4	-40
-195	87	-26
12	231	-194
212	-152	106
83	-20	31
-135	74	47
98	-3	-172
-3	238	162
180	43	173
65	-150	109
-138	-63	-154
-20	-83	-215
122	-209	179
-55	85	54
-66	184	-19
-5	166	-9
120	78	85
-182	-243	-205
-20	232	-18
-62	35	157
-240	229	112
17	198	-183
127	-190	208
46	-175	-87
201	-233	223
210	207	14
177	-121	40
75	-100	-236
-138	227	-65
-163	241	-218
-170	-57	-142
26	-54	116
111	237	188
238	-157	-94
38	-44	-124
190	98	-28
-77	57	210
-31	232	-109
-85	66	-35
-62	-155	-209
-157	-100	234
90	-8	-72
170	-230	174
-156	-32	-67
106	-22	-89
-202	113	98
200	-137	-36
-213	-105	-215
-137	-39	-194
-138	-85	-175
225	101	245
-101	236	178
122	219	216
-248	-242	137
95	83	200
-151	33	-199
186	206	-219
-225	214	194
-40	-48	-39
-41	83	66
88	-2	157
-20	-83	216
-213	171	22
-203	151	119
225	116	190
165	-194	-43
82	-250	-22
-105	201	-137
197	60	-148
172	26	-90
-153	230	139
-134	-132	119
122	-33	-57
-6	-106	222
-127	-93	48
162	106	-93
169	185	-24
-143	-211	-235
112	-224	-249
-105	-4	-11
15	-132	71
250	-100	-56
-224	-29	105
101	-89	-47
18	-27	-177
243	194	-28
-185	50	-58
-134	46	-223
61	-105	-38
-30	-222	-236
-104	243	-108
-90	-241	208
91	114	76
13	163	-184
-10	50	109
159	-110	-102
-174	-80	-148
-162	-68	242
-67	-143	7
-137	-202	77
-104	105	-193
113	-44	-13
-138	88	-57
-223	-142	80
6	28	-224
165	127	-24
40	-194	188
42	-92	201
36	-194	167
137	178	85
29	173	235
-195	70	-11
-245	164	56
-220	-48	-221
193	-49	70
136	-187	2
-187	183	-100
-162	60	-136
-245	224	195
-108	53	155
6	217	-249
-38	-24	-169
-109	133	43
142	94	-21
193	165	183
-160	98	230
145	142	91
48	-138	194
-136	23	-137
-37	-51	-109
-233	-58	-48
30	-111	43
-183	222	209
170	197	-114
249	139	-23
58	91	-228
6	-83	-54
120	136	199
169	-181	207
4	235	198
-196	149	-147
-117	10	-32
148	178	-120
106	-174	62
121	-209	31
125	180	22
221	-220	34
237	-36	20
237	238	-199
-95	-170	112
248	-113	-26
44	104	-98
-170	-92	-23
-213	-185	-141
-66	-77	110
24	-201	212
178	13	199
13	-10	147
189	161	29
-20	138	88
-228	-88	-240
-34	65	222
-37	-103	72
27	-75	181
-65	174	-141
-191	-30	-43
140	-1	244
-174	-20	186
-15	228	148
199	-97	225
45	189	56
16	9	24
93	43	-26
-101	-53	-206
49	197	84
50	-80	-20
-128	-183	148
-159	34	60
-162	-150	117
-208	-95	187
-30	-211	-38
-13	-59	74
73	33	-149
168	-6	146
137	122	139
-91	132	230
-54	-30	-164
217	16	197
112	-189	-46
-52	-110	-81
-210	-24	65
-44	206	110
122	-49	69
-108	26	29
-113	86	111
-127	-235	-67
-22	-218	174
185	47	-54
94	221	244
-124	-237	-113
28	-57	123
-63	-19	-14
242	85	235
14	182	-69
-35	-178	180
-35	191	-167
-204	98	182
-155	75	167
237	-133	-186
-248	174	168
-37	105	20
117	-216	-152
130	-86	-59
-51	211	-60
-226	-13	-123
-223	-226	48
-47	45	-26
-184	222	43
-170	69	-228
179	-31	-6
245	-147	170
-102	-186	-142
-84	68	-206
144	-229	43
114	-138	129
-63	-183	200
-80	-77	-25
-206	-38	227
-135	-57	-15
-24	-41	110
-205	-223	-232
243	35	-33
-176	212	-24
-187	-6	-244
174	207	212
81	-64	94
19	-210	83
38	151	-50
-249	-239	177
163	-112	-66
246	226	-238
-137	56	-164
57	-145	40
-27	-204	80
-63	-108	131
52	228	1
-244	-203	-94
46	228	95
178	110	-4
-26	125	56
-182	54	15
221	-87	-34
15	39	181
-160	52	-123
-111	-85	60
-204	173	-116
50	-75	45
-37	154	-77
232	173	2
40	196	-144
160	67	-57
234	-85	236
-67	-205	29
93	154	215
154	-47	247
-182	55	-175
-149	64	-44
9	159	166
80	-143	-241
95	-141	-45
199	120	244
-83	-7	-138
88	-150	-137
91	16	81
79	-154	-208
62	193	16
129	148	130
-245	111	170
-70	204	-121
-217	-113	84
71	48	20
-210	232	89
243	-115	-28
194	-182	-4
-60	79	17
-55	-112	-113
-100	-197	-178
47	187	-74
5	-206	-211
-158	1	160
196	-177	116
185	88	-240
-170	219	-217
-200	-35	197
-54	-40	-119
217	-126	111
-144	147	90
55	-189	91
-13	131	155
-78	95	76
-130	25	132
242	-1	240
203	-188	-197
163	-221	9
-103	-8	-144
184	84	225
-159	-66	-82
156	-100	153
-230	56	82
-38	-225	-19
132	-87	-56
188	-60	195
-234	-114	192
247	-196	140
90	-222	-237
-81	-34	-226
-16	78	-188
-52	-80	-9
-78	213	170
-230	-132	-76
105	-71	-11
-208	-222	227
40	-233	153
-22	54	82
46	-1	-4
98	-71	64
-8	108	-242
-58	42	-156
-79	111	-186
32	-98	-208
29	-67	-244
113	-183	2
-28	-224	-46
65	-12	245
-209	-203	144
90	17	179
-227	222	-35
233	104	176
-162	101	120
202	-60	-243
-208	-66	247
240	125	-78
-226	86	7
-9	-25	-144
-169	-132	56
-140	186	-96
242	61	-119
-223	-61	-58
-22	220	-196
-160	-17	-8
246	-67	-171
-86	194	-54
-176	-235	-199
156	-235	-129
-227	59	-244
-221	20	-236
-134	-196	-132
75	76	129
182	215	-77
38	42	35
-200	-248	-78
124	-22	134
149	33	-109
-119	238	-132
-171	86	238
14	66	-12
-30	-125	-172
196	27	-164
221	172	207
48	-38	-90
50	7	21
-212	127	146
-14	235	51
145	9	-27
-105	-159	-180
-150	244	179
192	-16	-154
 
