3	250	1065
-186	-147	-30
143	87	-163
48	1	-224
175	167	17
223	-98	202
-158	62	-187
-110	-124	43
20	-199	-237
229	166	-226
37	132	-195
-219	69	-112
35	145	-23
90	-138	-170
37	-169	84
-5	19	249
153	-49	74
-164	238	3
158	-154	-8
245	17	117
-196	-33	-117
200	-134	-245
-132	-63	-185
5	-156	-152
211	227	-148
176	-1	-209
-240	-145	-72
181	-50	33
113	-189	-187
-146	-162	-44
-165	-202	178
-196	-41	-188
-111	-8	-191
88	131	158
247	-243	-223
-9	146	125
-52	-48	62
148	88	-28
-59	150	-100
43	249	-174
188	-47	-50
-84	35	-200
-165	172	14
162	68	-226
192	76	226
19	28	61
-220	173	78
96	-233	24
-186	87	-100
139	-38	209
-127	-172	-76
231	-209	-88
-161	223	137
217	-17	-148
-200	-67	-33
207	-58	106
197	225	-54
189	-194	-154
137	-95	-2
29	112	-247
246	226	-234
-196	-205	-204
179	178	181
67	-139	153
-249	202	-175
-172	7	-171
134	53	133
73	231	49
-62	-130	190
-28	-196	64
147	113	-82
-245	-151	243
250	61	24
98	125	-216
-150	116	109
38	216	-162
59	-27	80
95	-154	-128
-205	49	-66
-83	-236	20
-240	236	53
-80	-164	112
227	-59	170
45	132	169
14	133	-240
-122	-64	173
10	-44	-191
137	180	-214
176	-78	22
99	-202	205
-27	106	92
-226	-40	100
71	47	233
-174	28	93
-17	221	-231
250	86	71
-147	-10	141
50	248	-98
-46	-205	229
-168	-167	-72
-113	-138	-216
-35	125	-10
227	-171	-183
26	-248	169
-104	-53	235
56	-63	-9
21	-32	-112
-216	185	153
113	35	-101
99	142	-39
-205	-122	52
201	-164	80
-45	160	-221
-51	-171	14
-137	-50	193
-164	88	132
13	2	-188
129	109	42
78	106	-21
143	-22	86
-232	242	227
209	45	189
179	217	-112
-106	-126	-232
-89	25	-225
-19	74	-121
-246	228	208
4	-208	32
77	90	179
-11	125	-85
-114	68	250
147	-58	248
-169	244	-233
-3	-186	57
241	-4	217
2	102	-83
21	232	-202
44	-4	186
243	-206	-230
141	-127	-227
-122	-203	-67
98	-224	-133
-240	35	-221
-221	53	130
-173	242	142
-114	-219	-45
-81	19	-222
-180	-58	248
-74	-203	-111
218	-75	203
-201	87	-20
-244	97	210
-179	-240	85
234	-214	-20
57	-134	-247
60	-194	58
-20	-182	-171
7	75	221
-158	235	-74
99	-136	124
66	204	-60
196	53	181
97	-39	-152
178	-37	-137
242	-63	-102
231	224	-200
-39	-42	34
-46	5	-104
-100	-249	-20
203	242	-46
-49	-88	176
230	-166	-64
-78	-180	226
-164	-227	46
-166	-165	-37
164	17	231
-112	244	-24
146	84	-88
-168	179	-192
10	-28	69
-190	-152	54
27	103	61
209	173	-151
-12	-212	-95
-107	-185	-234
213	170	124
-83	-116	-218
211	-124	-167
26	-182	172
76	-240	32
-31	-128	182
-19	226	136
-231	-80	175
108	215	-26
-127	-160	150
170	-249	192
121	-172	-60
-57	138	-8
77	-142	-162
-12	-48	156
-226	-125	124
1	96	198
-239	-158	242
192	216	167
100	-79	136
-130	-215	4
-133	-36	227
-180	-45	73
-118	-150	15
70	46	238
-205	-250	-42
-239	-14	-18
47	136	-200
-217	-178	-33
84	218	45
-148	-248	-80
-172	-195	-225
94	207	-65
-177	42	-53
209	-106	-169
-83	74	-210
124	186	111
27	219	227
218	-188	93
-222	106	-220
102	193	-220
227	228	170
108	-102	13
-135	-161	212
92	152	215
-207	-143	16
160	181	-98
-123	-125	-24
158	93	127
-228	-161	-209
16	178	143
-152	14	27
-172	215	-169
162	-8	220
96	104	-199
-54	63	-98
42	-246	216
112	167	23
-157	23	129
165	-156	-109
-34	-13	217
83	250	57
-106	-179	219
-250	-116	-102
-133	157	67
146	-53	-39
-174	17	247
-32	171	-243
-79	-48	67
-92	58	-215
-185	194	-37
-220	-230	237
30	-242	222
223	-70	-67
98	-91	50
45	-184	41
51	126	77
89	-121	28
-80	-115	89
-139	250	-179
35	-107	111
-173	238	-143
36	-114	-106
-82	-3	112
-8	-38	15
-115	10	182
-243	8	-107
-120	42	-245
223	186	171
100	114	106
190	-165	-90
240	132	-182
-228	138	230
140	-86	-21
-129	-20	240
-66	-73	205
80	184	-226
-200	-8	-131
13	-120	-79
-159	59	-19
-189	109	-224
-237	93	-100
206	-53	137
-80	245	-237
-158	187	224
77	-23	-125
217	152	231
196	-71	138
-200	-236	-113
101	-52	-76
-92	54	184
105	-70	1
170	-83	185
175	115	-78
178	-150	-23
164	66	-54
-196	-136	227
-61	-140	196
-87	-121	225
-135	86	-174
-158	2	-214
119	-44	131
-209	50	-241
-15	131	-58
-13	179	-51
84	-244	-141
-43	-73	33
25	127	71
202	44	245
224	-45	217
163	65	-46
42	154	-73
-95	102	-117
29	68	-190
62	50	-17
79	236	-61
-125	-81	-77
188	-249	5
-200	-193	188
-113	27	-62
-126	133	-122
-109	132	-241
89	16	144
-213	-20	-250
-163	-21	243
-110	-25	-180
-141	70	-68
-26	-93	-162
-225	148	-1
-190	-210	180
-228	43	105
-93	163	-136
-57	-69	-233
-200	-212	66
109	125	72
-118	-34	48
-38	-34	232
64	-1	93
214	169	-41
-142	227	-101
219	133	-192
86	144	165
-93	-130	109
15	-140	246
-31	62	91
-39	244	238
112	-95	236
-134	-4	183
70	204	-249
179	-39	229
124	-210	248
-205	50	102
-243	-210	-17
34	21	-160
-200	16	-206
-183	158	85
187	-224	-74
52	158	109
-25	-117	-81
101	98	-182
182	-210	-124
41	77	117
13	-166	189
181	-9	137
179	42	-133
-76	29	119
-93	-85	-84
-241	212	115
200	14	107
122	204	-89
164	140	215
40	-182	94
-73	132	4
-35	10	-101
189	-217	-79
-213	-135	33
186	207	-53
73	153	-75
163	123	-144
-139	-203	-206
-110	193	-62
14	56	184
11	-158	167
220	-146	-128
103	47	94
235	124	-16
-24	29	191
-221	-105	-183
142	160	-62
161	-125	16
78	-167	-153
-228	-235	196
-194	163	145
42	-192	244
73	121	140
118	202	-239
-187	-23	-185
172	134	40
-152	-51	-31
161	226	-112
123	-181	-188
-61	136	-5
-123	190	78
2	158	137
-24	214	16
121	-137	-11
42	58	96
240	176	53
154	90	217
81	146	-234
-177	-152	-135
-147	1	-191
-106	36	170
-218	7	-98
-205	-127	-116
186	150	47
-203	-233	8
136	-80	-90
-64	-206	-199
-131	95	122
-142	219	245
-196	-242	63
7	20	117
-40	139	-61
233	-180	46
-201	67	47
26	-200	-76
-125	160	229
-97	46	-192
-107	17	170
230	72	-161
-111	-42	115
146	-5	-176
179	-93	228
111	106	-28
125	238	-220
200	125	-28
81	207	-162
-189	-10	-1
-177	240	105
103	-144	100
59	-128	238
-243	22	6
63	-217	-97
-63	59	-217
-30	-116	130
-243	246	-186
29	-75	-149
-121	42	143
-194	167	84
146	-113	-212
83	-234	-146
145	244	52
219	149	-71
-136	-60	-92
66	-115	37
178	-222	-13
50	-133	-220
-131	144	146
-127	140	71
-143	-175	154
-208	-130	13
-196	3	135
162	-234	-203
-68	62	-96
177	172	130
-122	59	-211
137	-225	166
81	52	-3
239	176	250
-40	241	202
-250	193	-112
125	-214	114
60	64	-54
-250	-86	-88
-29	-210	-142
-32	128	-154
-33	213	-194
-149	62	241
-114	124	173
-102	-152	-52
204	163	-57
88	-89	107
-208	133	170
-36	-198	167
50	-249	191
31	195	235
231	-139	129
196	127	245
158	111	-27
113	-118	-173
125	250	-109
149	-67	-49
-141	-99	-94
-214	-122	29
165	59	-215
1	237	183
19	244	-85
-35	161	87
46	-10	173
-171	164	177
68	1	25
19	-128	-113
-92	229	45
-230	-152	101
-20	147	14
235	99	16
-130	-119	-2
-126	-64	175
11	223	-183
-212	144	55
240	75	185
-130	-214	153
78	82	-188
-33	14	153
-123	86	171
-13	51	-86
-232	185	134
-8	-144	-172
126	-178	188
-56	-15	-148
236	-205	9
241	134	249
-213	-25	209
-58	96	-32
-57	-180	-189
-162	-141	-86
-233	202	-122
46	-38	-164
-108	230	140
-31	-34	-3
146	80	-219
48	243	-78
73	105	131
184	-6	244
-137	-11	132
-23	-141	-151
197	2	184
242	-103	-106
-136	-113	138
228	-73	129
180	-234	-14
-21	-171	-221
205	188	102
193	195	144
199	-53	151
-201	-91	96
-183	-192	-241
153	-101	-123
-36	-104	-127
-7	-132	-4
20	160	-6
-185	-58	118
-110	113	115
165	153	129
-243	-88	-194
-161	-15	-63
-93	-63	-245
225	97	-69
-115	245	-88
-55	29	6
-152	186	-15
-152	-195	-207
-102	-130	41
-106	84	-115
112	-131	-179
-118	-32	-139
-26	148	186
-176	147	-221
-87	172	23
102	226	230
233	211	-140
112	118	33
137	-26	223
47	79	211
-167	-131	-51
-5	144	-104
30	-126	-63
139	-59	-189
150	213	9
-185	199	170
-128	-99	-223
-177	23	113
152	223	94
21	234	223
-68	28	203
67	141	-146
-27	48	-161
174	189	217
-28	50	-33
-4	-147	-154
-4	-200	-57
-37	-16	226
-192	78	-201
-208	123	29
116	126	-4
-186	-86	88
-171	-21	-92
158	160	-75
88	24	-42
-225	-130	40
-116	86	-207
29	-249	-212
-117	-52	-90
-110	249	-180
65	89	-74
-225	-183	-58
122	163	134
14	150	-80
-9	199	238
-132	164	192
-177	-242	190
120	-45	238
31	-142	170
100	-2	209
-190	71	-222
139	-202	-231
-154	56	199
162	-90	-219
90	-50	-214
106	-78	-225
67	-98	-201
-202	-80	192
-227	-132	91
157	53	-90
-25	206	55
-247	-101	111
84	-99	118
26	-225	-220
-156	-76	234
223	-221	40
-41	-216	173
190	246	-169
145	-46	142
46	67	137
-113	35	53
-224	103	-236
-217	-194	-144
-53	145	210
-5	53	-188
224	194	33
47	-69	-197
180	182	-145
-238	120	39
-69	-99	6
-183	-123	-38
4	36	79
216	-182	175
-27	-118	-108
43	-1	-2
53	142	55
222	-104	58
81	-105	-239
-74	-171	105
84	-188	-37
18	-39	-138
-93	-101	-90
-208	-232	-84
183	-60	149
-74	-232	110
-177	-7	-243
-91	-236	70
-198	118	133
77	-163	9
187	-227	34
-153	63	-9
-126	-152	130
-244	-90	-133
-236	-60	148
46	-110	-27
82	-59	225
234	80	186
129	-18	-168
-247	128	-210
-194	-168	-242
132	-79	-207
140	153	241
153	-145	-32
-221	152	-52
62	-239	91
-202	-89	166
70	-84	238
75	-62	148
30	102	-205
6	-94	-238
183	98	-33
-184	-75	-61
175	209	-32
126	-95	15
79	182	140
11	210	-134
20	-242	214
50	-87	57
245	34	-216
-56	192	74
231	18	61
-3	-81	110
65	211	108
-244	37	-51
-101	102	106
25	-27	-131
204	143	-23
-85	175	-145
209	-39	224
173	99	-121
140	-49	194
-212	-87	227
168	-234	11
-248	-136	95
241	67	-191
-29	234	-13
57	-216	-232
-120	-117	115
-187	176	31
-138	-136	65
-28	-213	-41
56	-183	167
209	-249	-163
26	-103	-129
-180	-138	85
23	-163	-27
-248	219	176
213	17	-57
-78	-131	87
-155	116	223
53	-132	-22
-73	192	-153
57	-69	226
-98	-21	-211
-20	132	13
101	174	-3
-57	75	-138
-169	-130	63
-226	91	27
83	43	136
-217	137	-180
165	66	7
46	193	-210
-114	-63	43
145	-81	-109
-36	142	31
-147	26	-104
-232	-124	-71
-144	-95	-220
2	-130	-49
5	-196	-116
-74	-56	2
-56	-190	-202
35	-24	28
222	212	143
244	78	-248
85	186	-213
165	170	-111
49	80	-15
-90	56	186
35	-69	-86
-190	13	-133
-74	-14	-166
-176	178	41
165	95	180
-109	-113	74
141	-84	15
-21	-60	127
-147	169	-184
-62	23	33
247	-232	222
73	67	-200
200	111	-245
82	-193	156
-203	-192	-38
95	-180	143
-182	-72	-135
66	-108	-87
-48	16	-76
218	-234	147
166	-63	9
126	-60	-80
236	6	95
205	114	45
-236	35	59
-212	205	-91
228	-139	-29
-45	-135	225
-169	-161	-154
39	176	6
-125	-20	1
-184	218	151
-180	-69	-184
194	127	-51
69	-128	-167
120	99	-243
133	-247	-200
83	138	43
-157	236	-127
199	-152	93
89	-95	-166
64	-97	-227
237	-213	73
-30	137	-100
-122	-42	85
-31	245	156
-177	-140	217
-88	-140	59
24	199	175
-57	-226	-60
202	-221	211
-227	-94	177
40	-84	-219
137	-17	-86
-79	198	166
104	-41	-76
101	125	88
105	-107	-168
211	-91	177
-236	229	15
6	220	144
-75	-134	-165
-246	15	89
-74	48	133
68	-79	-13
185	235	-99
120	141	-15
17	-49	190
148	35	-75
64	-102	-247
205	-119	210
-184	66	-167
124	-117	-18
-90	-119	14
83	212	150
54	242	-202
-39	-229	214
-174	51	-180
-170	203	-19
-231	201	-129
-213	83	-158
62	134	181
89	-11	158
-170	122	224
-105	-36	42
150	129	-153
-10	-105	-132
-47	-219	-231
-226	157	54
40	-200	143
152	-83	-187
-53	150	-83
-154	137	-182
66	-75	-120
-55	118	-121
38	134	115
145	174	-177
232	-150	-70
182	56	-63
-29	126	-100
-77	-49	34
-35	36	-230
-100	-96	-142
-158	-143	188
202	222	-133
-202	-198	193
42	-174	-119
-13	-234	78
-36	62	182
231	233	-97
-8	-236	164
-35	11	226
-136	-45	-94
-2	-234	59
-58	187	73
121	58	92
87	-42	73
172	81	148
13	-46	80
-162	-36	224
-91	60	81
244	-181	131
170	-165	-156
-164	193	-245
30	-176	-8
26	-1	7
195	-177	31
151	-163	188
-5	-143	60
-222	-165	-250
-176	193	160
33	244	19
87	220	-174
-141	30	-46
25	-250	95
184	154	205
-186	-119	247
-216	19	36
43	-183	91
18	-158	119
124	-116	1
81	144	-205
-144	-63	-156
239	244	130
198	-99	170
-163	-85	-217
-250	243	-69
-92	-214	-230
193	-131	176
84	-158	105
105	137	150
246	49	54
-232	95	-88
142	34	111
-73	-190	-229
-243	47	-89
204	-113	-187
-132	159	34
199	10	158
129	149	-202
-59	-69	190
-35	-165	170
-162	55	6
-69	222	-135
-239	159	-110
85	-75	-3
82	-7	128
99	139	-105
229	-153	-99
-75	118	37
119	-143	127
-85	-249	105
13	-98	221
244	181	208
221	119	204
-60	171	155
-34	126	71
-220	-100	168
-245	210	51
-38	23	214
-4	89	-186
231	-59	-103
122	166	40
-159	101	216
54	90	40
-33	-86	-158
195	225	-240
238	-148	-101
-33	94	57
16	106	199
124	155	116
-213	68	84
-139	-102	-7
196	-162	37
110	-176	195
-88	-106	221
-62	100	161
6	-191	127
-206	-125	167
81	236	-3
91	132	-89
154	146	-75
-90	47	-67
-222	15	-120
-215	87	231
201	202	-156
15	-167	-136
215	70	224
-28	-7	47
143	110	140
148	28	-202
-43	-82	130
105	-135	-181
-110	193	223
210	233	227
100	5	-80
-15	100	-228
-5	-132	-32
151	-69	-141
-240	186	214
19	-135	-74
-245	200	231
-119	99	140
-99	185	-168
-219	47	79
2	-32	-248
-206	125	-133
195	215	76
183	-214	43
244	172	-147
-187	-105	191
-117	135	195
226	15	6
-160	-32	85
-53	-127	208
109	136	166
119	-187	229
104	-161	-63
230	120	194
102	125	-202
121	-181	36
131	-99	-41
-158	15	137
132	-104	217
150	20	-163
2	-200	-167
-142	-116	-245
159	131	171
142	233	149
148	207	-86
-46	59	115
109	-238	-215
-9	79	-70
224	15	-153
188	20	-167
189	126	-33
152	196	116
55	-57	-113
-44	209	250
156	17	-143
46	229	-98
207	183	-132
-108	-104	-236
-206	-21	179
-79	-123	25
194	241	44
227	27	8
37	-206	-160
-243	132	157
-179	-167	-246
18	81	-181
-137	-98	27
200	241	81
-245	-5	-139
25	104	143
-210	-75	-110
-141	-23	78
42	-116	23
129	219	-39
-243	-145	67
165	124	198
5	155	106
-115	-113	137
-172	-113	-80
-174	122	94
114	-172	-131
-145	201	50
-21	148	-234
18	-207	-80
-47	91	81
148	195	-9
-173	-151	-155
94	172	86
45	-97	-77
-84	-241	-83
2	28	109
214	-229	-16
-55	45	-87
11	166	-12
-80	123	195
-76	38	-104
49	-11	138
230	183	134
-232	-84	-171
-198	-250	83
218	-238	-157
 
