3	250	1065
-246	-230	67
122	174	-208
213	-230	-194
185	-125	-219
-223	-132	241
30	-177	-99
152	36	171
-55	37	-20
213	-32	182
66	81	-102
-77	188	70
-75	-137	238
-237	246	-47
-198	-124	-236
240	33	16
-62	156	214
-198	153	-201
212	72	-156
-213	-4	122
-133	-123	-122
-174	-26	-107
-202	105	-88
-62	1	245
215	-222	-55
176	-53	60
249	124	-49
-41	213	59
51	-177	99
-96	-109	-80
-87	-122	52
-169	167	-125
-171	-62	-99
-78	240	140
34	130	143
-112	116	-210
164	-180	44
174	67	127
-236	125	55
160	-84	-218
140	-59	113
227	-135	-53
-86	97	15
28	-106	-185
-171	-141	69
-135	-82	74
-120	-158	180
-120	-13	200
-195	2	-174
-114	-4	-45
198	26	-69
-67	143	157
99	184	97
117	-12	-72
-196	-4	158
227	-134	76
-45	-222	240
-37	67	239
204	232	-68
180	-219	-212
-137	-186	-32
60	-26	-159
104	-14	194
-148	100	41
-173	-55	-32
32	-30	-175
-250	52	-181
-35	205	171
37	-195	167
-140	-82	-97
160	248	19
-239	-60	-61
-76	-3	-117
-64	17	108
23	-233	99
-109	62	-127
135	-182	197
-129	-152	-225
-190	-150	245
193	-225	-110
170	189	235
-182	219	-38
-237	150	-88
99	-214	120
-104	-76	-87
137	57	-152
228	-35	-205
202	150	-125
-10	208	-114
241	154	-73
-40	4	17
-177	103	154
-107	68	216
-131	-117	33
241	235	238
24	101	-108
161	218	-85
131	-205	-19
-171	67	-243
38	52	223
-129	-139	-134
219	-90	-142
4	-34	-195
-149	51	197
129	41	-59
134	-194	-62
191	-149	-81
73	-205	-18
148	127	-198
-102	-146	242
-83	-130	-2
-135	-87	81
-200	241	-237
115	-156	91
13	101	-4
62	-93	129
244	121	112
106	35	22
-56	-117	-185
4	-190	36
6	138	-135
-62	244	22
241	114	74
137	-232	-38
36	99	8
48	191	183
178	-58	-113
-53	250	238
21	97	129
-89	-105	-108
178	196	-102
202	239	223
-230	-103	-109
-58	7	71
-36	148	182
-55	206	25
71	17	74
151	61	-227
234	86	220
132	-58	-177
-143	-5	-160
3	231	243
-201	-174	-135
140	-167	248
138	-103	77
-20	-58	-33
-155	227	-173
221	-4	120
17	-70	-219
35	-67	-42
-139	151	-15
114	-234	216
232	-101	-22
153	-222	-22
61	-21	-18
60	-20	-50
64	54	-113
48	-71	93
22	-74	20
245	7	-27
-161	-169	178
-88	57	171
193	-134	81
83	225	75
-108	13	-26
-43	-185	54
88	-232	-105
19	-124	74
-100	241	2
-194	200	32
-105	127	-240
206	-186	116
250	212	171
101	160	-69
-121	-28	-111
-209	102	-72
-82	216	105
-244	26	10
242	200	230
222	172	91
28	-33	-190
19	62	-166
-171	-2	217
-250	-157	15
-43	188	237
-221	-47	93
110	165	-135
-216	-207	145
247	137	-217
76	158	-121
-122	-10	188
-36	29	249
-64	-19	-242
-18	-197	-15
167	33	37
179	-215	87
-200	-215	35
-233	-198	107
102	-173	-4
245	73	244
-108	-39	-52
-201	104	194
-74	34	-26
-238	-110	104
-203	220	-84
33	110	-232
64	-4	240
86	-62	75
-42	-230	-192
-156	173	-137
-183	-152	247
50	55	40
142	105	-155
-44	77	180
95	220	233
-17	-240	-118
230	24	222
99	-222	-120
-242	-18	43
-17	-51	-59
-120	151	136
-155	61	-134
141	-178	-186
227	173	-177
-108	110	184
-62	-229	220
-57	-121	-111
155	-137	117
-1	-124	220
-60	-250	173
63	-228	-11
-81	-231	97
-130	-76	-230
44	167	-250
-76	-154	141
30	-210	-34
17	72	188
-207	-143	185
62	-183	18
203	22	-15
-149	50	121
139	-108	-183
186	178	-87
-222	-176	158
101	189	-124
-27	180	194
-10	250	142
-137	-12	-40
198	103	78
208	192	3
-226	-84	213
203	-241	-74
-206	69	162
-148	239	-145
39	-52	-178
75	109	69
-112	231	-41
-86	30	42
-39	-172	-71
169	-186	217
-80	51	-209
-198	-200	216
212	-220	69
-85	-5	-15
71	-106	97
137	-31	-123
80	126	160
-86	76	-15
248	162	-236
173	-137	-29
-91	-60	-10
175	234	-64
-129	115	3
124	16	241
32	-201	195
40	61	177
236	198	64
-227	161	-208
58	177	243
107	-69	-221
169	-168	250
-175	202	221
82	-228	-163
15	14	-143
-27	-169	-248
-187	-138	43
-209	-157	-211
182	227	-189
-61	31	-158
-133	65	139
5	-248	-246
56	142	135
-228	3	7
-60	158	54
188	244	-156
-184	-129	-214
157	-232	38
72	-225	-111
-101	-201	-115
-245	-105	220
116	115	-222
227	-202	-129
-123	-64	-101
190	-242	191
31	140	-213
95	-156	9
213	-211	-5
218	97	-60
-58	19	193
107	105	228
-214	200	-173
26	229	118
26	37	189
-37	162	229
17	216	45
50	21	-235
47	14	9
-102	-120	40
-223	136	-95
19	-63	-170
125	-198	11
1	15	-60
-111	-192	-13
208	101	-122
-8	-71	-230
-168	9	76
224	-119	-58
-176	-238	-90
175	-96	68
-214	155	192
-72	-249	-85
-191	-151	-71
-147	109	186
203	221	168
141	-231	220
-158	-245	-50
195	82	127
-213	-226	-169
-221	-164	-186
-204	-75	183
223	65	-101
249	1	-74
185	-229	129
68	-98	-3
-207	189	-12
245	84	233
-88	-105	40
-64	164	-34
33	85	-7
-222	-45	181
-152	179	-126
-173	111	87
18	86	-230
-211	61	-82
-210	67	-215
182	201	77
-39	-8	-211
-191	238	67
-168	-249	155
-169	175	67
32	247	-68
-208	-93	-160
-149	159	-117
-61	-247	153
216	165	44
-149	-80	-105
119	146	-1
158	-212	-127
179	-239	-204
-200	-170	-114
101	-243	206
-185	-76	114
-120	100	-210
-73	-16	119
105	139	182
-199	192	87
-17	-194	-92
-213	-26	79
-88	-243	121
-25	1	229
-51	-47	10
-153	216	212
224	-60	143
159	69	-55
119	49	202
-166	-56	97
-194	96	12
-22	64	-168
226	24	-217
-231	172	41
233	184	101
-125	-53	-139
-244	-229	-42
60	-117	-181
18	128	-155
-104	43	-107
-248	-246	-18
-114	125	203
-62	96	212
-225	-139	236
-53	51	-88
-125	-2	204
117	-1	-211
-165	-217	-91
-234	183	101
15	114	98
61	147	-105
100	-156	-243
-56	140	114
-109	-249	4
7	232	-179
208	-143	-98
53	6	41
193	121	-155
-127	125	-168
195	-90	-116
-74	-152	-91
57	16	3
113	3	-189
187	185	-79
239	-8	-2
-52	-205	98
-139	182	-76
-210	-143	-139
-103	-97	-131
93	189	203
-40	-93	-38
196	123	96
157	224	-17
242	-224	-22
68	247	-160
-103	130	44
-54	-212	-151
23	-140	139
-215	176	-235
209	-115	-136
70	-238	106
142	182	83
207	-103	-205
106	107	64
230	-53	227
-91	241	-99
-67	246	-158
-214	245	-91
56	196	-90
-231	-15	-237
-69	-220	148
143	-232	248
-39	95	30
-113	-68	65
136	168	-115
-29	193	-215
-179	2	-112
-212	-92	87
-110	83	166
-25	171	-21
134	-71	-88
228	176	199
-82	64	93
-17	165	-146
35	113	-102
200	-136	-214
-234	210	-137
182	130	54
-87	-64	23
164	31	-224
158	36	111
-83	-56	54
209	-169	232
-120	30	93
-3	-175	-119
203	-97	240
-157	50	117
62	-228	-22
-73	-108	244
4	-2	180
77	-181	-215
-128	150	232
98	-171	-228
83	-37	74
82	206	75
130	-154	-233
26	98	-125
-8	189	154
201	-140	155
-97	47	-61
-223	187	42
180	57	-109
-38	72	-138
-60	8	85
-69	128	-97
18	-21	92
-72	-155	-178
130	-247	64
213	-248	-127
-97	-30	35
-98	-178	103
-61	-59	-233
231	-119	-188
164	-99	123
-198	-242	114
-66	-33	-201
246	-32	-228
1	-103	-106
-208	-87	-105
-196	-223	52
-244	-189	-26
-157	-192	-208
-53	212	45
-140	-213	120
-183	156	-73
59	-76	169
46	144	-20
-196	-81	-193
-23	130	161
242	56	26
-44	-98	-185
41	-227	66
-41	-175	-233
187	-44	-92
-70	223	239
-179	110	-32
-181	-18	19
30	172	-37
194	23	-244
-248	170	-134
84	232	6
69	53	63
-199	72	232
-186	28	-90
-90	61	-110
120	-131	145
-171	-64	69
44	100	183
-93	-21	45
-122	40	-169
145	133	97
-57	-178	156
-236	-204	-157
-185	71	-13
88	125	2
223	1	-148
161	-97	-83
123	-208	-197
21	61	-246
-246	-127	-122
-13	-106	228
-66	-84	114
141	23	-42
12	73	228
-5	102	144
104	112	132
-99	-87	140
46	-124	62
-5	-223	186
-250	235	-143
170	215	102
-108	145	-211
35	-152	68
-209	-245	-1
185	226	215
-68	39	41
43	-198	231
197	229	-237
44	-34	-221
-25	-112	173
66	-6	-81
-192	-218	119
-8	-168	42
-221	226	150
138	44	-189
-101	-99	133
-102	146	-26
32	75	164
190	-39	71
166	-117	-134
230	-27	-15
-170	58	-114
192	-60	5
201	-72	112
-112	-76	-207
162	159	-176
-191	-174	-7
-78	-11	192
-134	-215	-126
17	-201	174
173	39	214
-242	-1	-2
-186	-215	213
141	-31	-71
-233	-202	147
-212	-135	-66
4	-224	127
-209	158	228
27	-175	155
-44	174	41
217	-41	138
159	-220	93
48	184	222
151	-133	180
-145	-23	45
189	-180	-166
195	-121	101
101	-203	11
78	-129	-248
-128	78	-250
-48	202	142
-94	221	-225
21	-109	83
-147	8	190
121	143	-201
-83	113	-164
79	169	-162
183	-134	-28
76	-62	-216
138	-76	-122
-51	28	49
156	-80	-43
236	65	-40
-220	-156	-16
165	-59	-47
224	-198	20
-146	-68	-101
-94	-119	-49
87	101	-34
74	-201	-13
-112	-211	107
153	128	-86
237	159	-88
-163	-129	70
-150	-54	57
-71	-35	-4
196	68	-114
250	57	-88
-56	-4	-8
232	100	-42
82	83	-250
-72	-205	233
-115	235	-111
82	129	-206
77	235	5
84	-104	100
-248	-10	64
-34	59	35
96	-93	-235
-208	-8	-223
229	209	98
187	40	-47
-50	54	-84
44	153	-175
52	-91	-135
243	-175	227
8	6	60
-58	78	-100
82	-69	-63
168	-215	-237
-181	222	128
-171	51	100
-30	117	-202
40	90	-46
-249	14	-173
189	-246	-124
161	73	218
134	-82	-143
63	1	241
-66	101	-100
140	24	160
-181	1	-136
174	-144	-19
-218	-41	230
-45	-214	183
-58	92	-42
-30	-36	-132
102	-107	35
101	141	-54
163	143	165
-113	94	207
-36	90	98
59	-106	138
-106	-77	201
112	-69	-193
143	-26	-72
161	-215	-221
-39	191	81
-237	139	133
-237	-160	109
-157	-79	-48
110	89	192
-55	136	14
192	-48	-186
-114	-221	144
245	57	158
-18	-144	174
32	-30	-156
92	-106	-14
-11	44	219
-234	11	-175
-227	70	104
170	60	107
41	-197	127
51	-234	101
138	120	-128
21	-237	249
202	-56	-87
-79	-172	138
13	26	-94
231	-182	101
38	-15	-98
-62	-90	-40
-89	-227	91
-88	195	-91
162	-39	68
-122	-184	-76
-203	-31	-54
162	-18	178
-68	82	55
45	-174	152
-173	57	-233
212	-229	-233
-217	-132	-179
4	202	-58
155	189	73
-189	-179	105
-149	-183	-39
131	-34	129
28	-120	54
-7	-135	-79
90	59	55
176	195	151
-220	131	229
21	-168	-83
-113	-33	158
-142	24	96
-58	225	-52
58	34	28
-65	-49	-244
-48	-17	175
244	100	-132
-196	103	-156
-146	-118	3
-250	219	-78
135	164	-249
168	-113	55
-230	-147	203
104	-40	132
-137	-212	4
-197	-90	-33
-151	67	-15
56	-95	112
-22	-82	45
-189	75	-219
62	-235	-12
246	80	227
225	90	-186
-91	119	-246
142	-210	9
33	-213	-45
53	41	181
38	165	208
214	-131	117
241	112	60
-133	226	139
132	-85	-141
85	185	-131
163	21	-23
-81	-110	37
-247	94	25
-236	-152	142
-93	48	223
-116	2	-50
63	112	-29
-149	-249	83
230	-120	-4
-159	89	15
-161	177	-105
-129	-128	-248
-147	125	-249
81	-27	-3
51	-57	-89
168	99	-77
-159	188	-19
-156	-242	-120
38	-51	195
-40	186	148
28	-168	-184
245	99	180
-8	161	-16
-45	-103	-37
-81	184	107
-64	-89	-25
-240	-188	63
-193	209	227
-194	132	145
151	-201	221
-113	-243	121
-101	-230	-1
-230	92	-161
-249	-243	-128
-181	-123	-198
183	-242	119
117	-230	-89
-69	123	-79
225	-77	121
100	150	215
174	234	-86
-151	154	194
227	89	209
183	-43	114
145	245	233
204	215	18
-4	-157	-208
-34	-123	-66
-29	-110	175
-225	-57	64
242	-120	70
63	163	-232
247	-143	-1
196	163	-37
190	-29	-5
-108	-228	-41
-3	49	-113
112	-65	-115
40	-72	-162
24	-132	-244
-199	-242	-208
189	-171	242
-24	-17	124
138	-169	72
15	19	146
-239	-246	-22
-139	-174	111
189	-249	-33
-62	25	80
148	88	-93
72	85	135
-33	168	44
-160	235	-17
-104	-108	178
8	-139	-88
239	2	19
243	128	215
55	181	247
-224	-226	-150
-151	166	-29
-173	-5	211
-239	-122	-183
-215	212	135
-3	-6	-232
43	57	72
-218	-78	241
147	-77	-229
64	-195	67
-27	-232	-55
221	-194	2
73	207	151
109	12	-183
21	-175	111
-160	-225	-69
-160	-124	-151
-235	238	-96
-243	-160	223
-91	18	-7
38	-14	179
-63	137	205
-102	-33	-108
-159	161	68
-214	-176	-82
175	165	-198
-185	84	62
10	148	143
25	-4	222
-157	98	232
172	242	24
45	-31	-128
216	180	-72
-169	-73	171
-197	71	-152
37	230	212
-104	144	88
-155	217	-188
143	-244	-57
118	80	41
-239	45	-78
7	-209	71
101	96	38
23	215	-105
50	-145	68
188	153	-121
192	-109	185
84	53	220
233	-114	6
-76	242	178
220	19	244
66	-226	-205
125	-72	210
-136	175	165
174	-88	-98
-192	200	-199
-32	106	-209
143	231	-18
153	211	-135
174	25	-234
-201	67	-164
131	34	-60
36	162	-146
-14	-167	181
44	-157	-56
-242	128	-246
-110	-158	31
-84	31	-212
-199	-98	142
-161	39	-31
-146	-58	87
-139	-73	20
-219	74	-47
156	-2	-228
-172	41	11
-161	152	135
-110	183	-170
-146	71	234
73	-156	-37
23	124	-208
-110	-236	-117
91	-93	-92
-169	118	13
-188	-132	169
141	-204	245
-63	96	55
-88	-180	130
-122	108	220
148	-197	161
-188	-62	46
2	-222	-129
-94	-237	147
76	-38	-193
-74	-70	150
77	74	132
155	7	-12
-1	-157	148
-232	206	101
128	75	-91
-97	136	50
18	-163	62
191	196	-31
152	-74	117
24	-126	193
-92	-249	-137
196	244	58
-131	214	199
-72	-203	115
-55	229	-239
-249	185	139
31	21	-109
91	158	-95
-80	141	99
56	-133	-33
185	129	-60
189	-45	-156
178	223	-91
169	91	-50
71	-90	-10
229	-69	18
174	-81	-76
12	55	-180
12	246	32
-189	-84	155
88	-165	-108
-138	-127	-81
171	216	12
43	-80	85
139	80	181
-83	-116	-33
190	109	112
-227	244	33
-79	-137	180
-11	-99	-151
59	-226	45
-77	-106	-125
4	103	190
137	-170	-67
93	229	-38
-92	97	11
-9	-118	151
-200	-96	37
-123	-106	241
76	31	-99
80	156	66
116	96	-196
-113	-242	-34
-220	100	76
-80	-114	44
-148	-56	13
-41	10	-197
-175	139	-230
178	-8	57
16	-47	-208
-167	123	-240
-30	126	-144
-214	-36	57
-151	-171	102
52	-190	116
-194	166	212
-66	124	173
-129	63	71
-30	156	-234
199	-165	96
155	117	10
163	116	228
-120	-203	-140
-4	168	-51
-144	247	77
85	215	-118
-198	244	33
-3	-199	-60
37	-142	-115
250	23	-160
-77	-96	185
-111	138	10
250	-66	-38
7	245	-69
-34	-80	-219
163	-233	77
114	-38	-154
-212	-180	-33
-176	246	235
-192	150	145
-141	5	-33
-233	216	-247
-103	50	107
126	-226	-91
174	161	-106
-119	-212	203
111	162	21
-34	151	-159
236	161	-184
-32	194	-64
86	131	96
93	-143	-186
-221	-34	-133
87	-158	78
-173	-15	41
-121	238	-183
-240	-119	108
158	203	141
208	-169	-222
-133	111	220
-225	-218	-110
-123	173	-5
-88	6	188
41	3	-187
-217	171	236
-58	-69	-51
53	99	157
-42	-167	10
-248	-185	58
60	162	16
-129	155	-177
163	-124	2
74	-222	-246
-139	-198	74
42	-191	182
166	115	183
-245	206	128
76	-99	-30
212	70	177
-55	57	-250
 
