3	250	1065
202	153	-169
51	118	-181
-86	220	39
-247	-177	101
-104	76	41
151	202	-158
-69	-95	-101
-145	-226	-196
234	185	-166
-188	183	-204
-233	25	-156
-124	-163	-45
-200	-57	160
134	223	32
-178	-245	-43
-86	205	191
-192	-218	197
171	143	-165
-178	-172	-127
71	148	-178
-30	114	-104
-5	46	166
-60	203	1
128	-211	-210
187	240	79
14	133	221
-64	109	-122
88	120	-106
126	-222	99
16	163	8
-201	-40	244
247	-220	205
-21	36	-134
15	249	-199
-131	-100	86
-250	143	152
90	-60	-27
-58	198	-12
168	-88	-134
40	-82	66
-237	-220	-151
-196	52	-24
-198	153	-148
-94	-11	60
194	166	91
-18	-27	-31
-133	111	-44
107	-30	-42
226	81	145
-44	250	-186
-196	-27	-3
219	-78	28
-151	89	-139
-77	69	208
-242	147	15
-154	-226	-50
74	-170	72
212	83	-144
-227	101	-55
-199	-63	53
236	143	59
31	-123	180
157	186	-194
38	-13	-68
249	146	-201
-136	-95	-83
-204	161	-4
-245	-170	-164
-155	8	-213
111	-98	-55
2	-35	-8
-216	183	48
198	-60	-231
60	152	208
-181	234	155
-149	-47	89
44	96	249
-153	12	125
84	-182	-23
98	135	-130
-57	-20	221
-211	220	196
-25	214	-23
20	-180	77
188	69	165
-241	127	-55
62	-233	201
18	217	226
185	-135	-2
-41	114	-206
-172	239	46
-194	-242	-227
219	150	214
-193	149	37
-245	189	-50
-191	-41	-150
-13	117	152
-227	36	-235
225	-237	-148
20	-184	162
-231	75	-70
-39	74	-109
26	-39	211
-10	-203	-241
130	234	-115
-71	-33	-73
-134	-201	207
-168	-166	58
134	185	-238
-55	223	-184
-167	-84	-19
123	108	131
-99	-17	187
-191	-29	-47
129	-207	111
48	43	-208
-246	-155	-40
147	-83	156
-195	179	-80
-131	235	189
115	-95	-107
5	156	43
184	178	110
-141	-205	-26
-202	76	-117
204	182	-7
-198	9	73
-17	236	32
-224	-215	-246
-132	137	16
-161	230	14
-85	-238	26
11	245	-64
83	94	103
19	-225	-174
-117	133	-180
-148	134	-207
1	51	179
202	175	-143
91	22	-211
-213	173	65
111	202	248
-2	-125	-88
229	-140	104
108	35	-128
250	-11	-107
-179	13	-112
213	82	110
229	240	-189
190	219	-166
1	37	-224
-18	-29	-139
-114	-167	50
-23	195	-50
93	216	-130
-221	-34	203
-71	159	83
-177	-152	-203
36	148	-113
-246	-201	-106
-42	179	173
-49	-194	223
169	79	162
-40	-89	185
-41	170	-243
-35	87	130
-20	130	197
-2	180	-177
-200	-90	-69
-176	-32	-162
-119	-213	44
-2	-189	5
-46	183	-195
202	-45	84
-12	105	107
-131	-142	-247
49	141	105
70	134	218
10	57	108
168	88	-141
59	142	-55
222	-115	-85
111	238	-57
-141	12	218
-35	23	-131
-88	-106	34
-87	-132	-213
-95	-68	118
63	37	-131
-75	-71	8
-97	-84	160
-229	-62	-203
-73	-77	228
-60	41	-160
-176	146	16
-238	197	94
-219	-57	131
81	71	-190
182	71	209
37	187	175
-63	108	221
226	-224	105
-220	226	-173
77	215	3
-64	-92	200
-12	207	-178
-31	-89	158
-238	165	28
92	-151	26
107	-250	173
126	-250	-22
-237	-13	-224
-197	135	-84
34	-136	-59
140	-86	-244
-128	19	-231
35	-59	225
177	149	8
-168	-156	-187
-220	-104	-2
-194	-43	-162
136	-227	-42
-233	-161	143
-41	88	-171
-143	-33	-239
-38	189	-197
-183	248	115
219	91	-10
127	121	18
-182	-241	113
74	173	-47
159	55	157
-123	248	-105
62	236	-56
159	-213	145
-129	-206	203
-84	-134	-131
4	-30	158
43	223	2
-3	-210	-246
-177	110	84
205	119	193
-245	-112	130
-168	13	14
-203	113	25
-77	187	-116
-219	21	-20
-12	100	-240
-183	169	222
11	-41	-196
-41	-65	-142
57	194	229
-203	117	-184
152	-191	-104
-206	-147	-232
-107	-222	35
-206	185	203
-19	-213	-175
-138	-57	123
-182	135	155
-133	-142	-58
-177	96	-120
188	48	-92
-45	-138	-53
177	-60	-117
-168	106	-44
161	199	30
159	-15	107
248	172	245
-32	16	-183
51	-15	11
29	-150	232
-117	88	-74
81	-85	-123
-199	167	228
38	-116	89
81	239	-228
-122	-163	245
146	218	168
-231	242	219
33	-160	150
-200	39	-99
84	-222	-58
161	63	-162
130	62	196
133	-52	-228
-143	123	224
-137	-134	-46
138	-122	25
-3	-79	-167
-17	59	-237
-180	-234	33
228	111	-216
235	-193	-50
114	-245	77
-215	-209	-62
-112	133	137
-227	14	222
-120	21	-220
-167	-143	-206
247	137	107
211	201	-193
-208	71	242
-206	132	49
135	-217	-221
239	207	30
155	225	-69
76	-29	-234
-96	163	-127
222	144	192
-50	61	-113
-50	51	-49
223	151	-195
135	21	-67
-250	-79	-138
-26	191	-52
-119	135	178
129	3	199
13	-177	-77
-72	-206	-12
201	173	-92
130	180	61
106	226	-95
-111	-61	64
-120	-211	224
33	121	43
52	3	-33
204	-164	-105
-184	78	213
-16	134	-63
-111	-48	-103
6	223	228
167	38	-200
-173	19	245
237	32	-142
-31	131	204
109	40	-98
122	244	220
-238	187	74
-241	58	-121
-39	137	23
-117	-128	-96
147	-84	-165
-172	143	-115
-85	-116	244
97	38	236
175	146	133
192	8	179
-35	46	226
85	126	-216
177	2	-162
-221	176	-49
183	-44	-72
-74	214	-130
-57	-130	-196
-60	-137	-161
-138	-154	-117
-80	77	196
-56	-189	77
165	217	-210
-19	-160	-57
-120	-19	143
139	-35	-114
198	-241	168
104	-90	-44
233	-218	-53
-29	17	-202
209	-142	-192
-51	-174	118
46	51	132
232	-97	-48
-217	165	-211
76	44	105
143	-167	-4
-53	180	2
14	250	213
-6	-1	13
180	244	142
115	-153	173
70	-215	236
-187	-162	3
247	-229	-37
-108	-124	-199
-6	-22	111
-235	209	-237
-225	216	47
14	112	-249
-5	-229	-66
160	-232	-244
43	145	92
-165	91	-87
-231	-82	-64
-172	136	-163
-209	248	121
-85	61	176
-48	-5	-132
-86	-197	-32
-83	96	-49
-134	-41	5
79	212	211
-52	56	135
-21	-217	116
-1	238	-77
-130	111	-96
-170	-182	209
133	-238	66
-101	194	-53
245	113	182
-34	238	-112
127	-41	147
-95	54	-71
246	-172	187
-243	-133	161
175	238	-7
-2	244	170
232	174	-144
-45	-81	137
-30	121	157
-209	220	-99
93	-7	210
-103	-137	213
211	-233	128
121	-243	-127
139	-141	-238
-199	154	-164
63	-195	-166
20	115	90
237	71	-223
-153	145	-35
94	-199	-84
-210	222	-86
-88	-50	-82
-24	-152	-231
-139	-69	-129
-104	52	-78
-79	-19	-209
-132	-232	-38
124	-183	104
-88	67	217
94	-98	-173
110	175	118
156	-51	143
243	142	-199
-184	136	56
-246	-219	198
-77	-108	29
-50	-37	148
-38	-148	249
205	178	203
110	-73	46
-162	68	153
-38	62	-71
42	125	40
-232	46	-60
-101	-197	-184
70	6	-131
-47	79	-235
23	-124	-86
-170	133	1
118	-224	71
-29	-201	14
73	-6	-109
19	10	-64
60	-242	-97
184	-88	194
13	167	-26
-56	-148	-241
-105	224	237
-133	-138	51
-200	-131	-109
-219	-147	-164
-230	-228	137
-198	-246	-66
244	48	-32
-65	227	-109
171	90	140
-74	63	-39
52	-230	177
11	-158	-138
-20	-16	142
121	-110	-101
71	-17	247
-40	-29	-9
-57	-158	81
-109	220	-48
11	-218	96
45	-49	57
69	-198	-63
250	-221	116
-113	22	-34
-146	-32	99
32	-187	124
-121	47	-230
142	-124	113
73	-67	49
238	122	-102
162	-145	-181
68	103	205
190	-178	-202
-79	8	-222
198	-101	-70
-42	-99	78
131	-201	-163
163	-187	126
-20	-68	-242
-143	-33	-10
-233	-67	20
-86	-152	-242
-83	85	-66
-217	140	-194
-149	-227	-158
100	151	-194
-199	191	-45
-130	-194	28
71	107	240
140	214	-52
174	222	-120
12	-39	165
250	109	219
127	-124	216
-191	29	246
212	250	-88
-55	-129	-218
-245	-184	55
72	-86	232
69	-144	-148
180	-98	224
-196	-233	-219
-109	-197	86
21	232	131
121	-88	227
-243	81	-210
56	-44	120
177	-66	-18
-57	-249	-160
-21	-121	-16
109	132	247
205	-153	139
-145	103	-161
91	171	-137
-179	129	-8
111	233	-29
203	5	-29
186	-222	-58
234	-225	-93
7	154	-79
-161	210	-186
64	19	240
47	-46	-39
27	-125	148
-71	2	27
103	175	-84
24	178	169
81	-66	-74
-44	196	89
64	136	85
215	-137	-25
-199	65	-118
-44	149	-220
-207	15	24
212	-216	192
16	136	-66
-13	-9	18
-26	-14	1
-180	134	-84
59	242	-129
42	59	14
60	135	83
-179	41	-68
248	-215	-128
245	-226	-151
1	17	2
-89	183	10
225	189	65
-38	-115	-64
-74	190	-206
-168	64	199
44	166	5
-77	62	203
240	142	-185
-34	131	-71
171	-23	197
-192	235	190
-211	113	-89
-234	243	-85
49	80	-23
-3	240	151
-223	-51	76
188	208	-225
220	106	221
-197	-73	-97
-97	-195	156
-89	116	66
26	-215	-21
-229	210	248
217	-211	95
-229	27	231
-150	112	239
29	51	-230
-193	-30	-181
212	195	155
92	237	-110
-197	-21	245
-201	15	71
-151	-7	81
-158	74	180
-56	-68	124
74	-210	2
-209	210	-92
39	-31	-114
145	135	-65
-88	153	-214
-218	105	111
241	-73	16
-46	250	70
-151	13	181
111	-175	-182
226	104	-67
-142	-64	-3
197	192	213
-64	-2	-95
-23	-78	-106
-166	-128	-95
-163	106	-230
129	-210	-68
173	40	-170
198	56	215
-45	-176	-243
56	-71	62
-162	-116	33
148	-129	49
-204	-94	-138
34	192	-72
233	-136	51
-118	82	153
-159	209	-238
-39	-230	227
-72	-181	-65
-124	-190	-30
212	101	32
-223	160	51
94	155	-56
194	152	134
-153	169	30
-132	-54	113
6	141	-23
-134	195	44
143	-208	25
-116	119	239
157	181	135
-133	-100	193
44	-39	238
-211	-121	235
-11	45	43
63	25	9
215	218	4
-163	36	-250
-11	-248	-195
167	218	-42
-135	-86	-174
181	172	239
-212	207	72
171	107	108
-114	179	250
-71	135	147
-230	31	22
5	42	23
186	174	-227
74	152	-168
134	127	-53
-131	101	184
-219	-73	56
111	-85	232
-77	202	-171
-162	-158	-105
118	-68	-76
66	-188	217
-179	-40	201
179	-203	29
-77	108	-211
-157	-191	-215
126	-58	122
-208	108	-90
236	197	168
67	123	222
-175	-210	-235
-74	-67	-35
246	117	71
-52	10	35
84	91	203
100	-42	-216
61	-5	-223
-58	197	248
216	84	32
81	-136	145
39	40	-54
-160	183	-240
15	-85	-137
34	-179	3
120	10	-190
27	81	169
66	-245	225
-246	-141	87
52	187	-229
108	-122	-167
178	-164	39
138	60	-117
-114	-110	134
-249	44	-223
135	206	-95
9	181	-145
170	164	198
-29	139	-172
-199	88	208
-145	-199	11
221	7	-194
-4	223	-134
-13	-37	-47
99	149	223
112	-214	-236
136	175	241
-49	-43	17
-90	-7	62
-22	39	-159
32	207	-192
-1	214	70
36	90	-153
-78	-111	153
150	20	-132
-37	46	184
-124	63	225
-54	-91	-106
103	220	-238
-98	8	4
-207	103	63
151	-205	-187
-140	-203	-82
123	11	194
94	113	-61
-115	-48	230
-51	-87	-15
228	101	117
-33	219	35
29	172	162
-215	134	-51
4	111	75
183	-76	-136
73	-167	201
157	172	-201
72	-225	-104
-110	-172	25
219	-123	198
87	244	-250
67	9	64
238	148	-48
6	130	137
153	-31	200
-183	222	-115
-74	75	224
210	-80	-199
223	-176	-98
-187	-108	191
7	140	48
87	146	-131
111	-243	-52
27	222	147
-35	-17	-210
52	159	-57
154	-117	23
7	38	47
-30	-123	18
-29	32	115
-154	-58	-176
88	60	-72
-166	-101	-35
9	188	4
-125	-142	33
-7	-33	97
-138	-81	-63
-206	107	-8
121	78	-103
-125	-229	-109
196	-224	20
46	44	94
15	-207	-141
188	-68	-37
7	-67	119
102	-169	-60
-135	7	9
-12	-130	-217
-112	-89	-232
-39	-135	-240
243	-102	131
18	108	-98
36	-97	-91
-166	111	-80
71	-49	92
-21	199	-193
243	19	23
-51	81	-205
-133	-250	65
170	217	123
103	-47	27
-211	190	47
91	-80	173
249	103	-6
137	-234	-118
87	-98	-190
-142	102	77
-30	-176	-184
-209	219	7
-115	-168	55
126	-14	147
203	-19	-141
133	-237	151
-220	148	89
47	-226	-38
151	-84	227
-85	-102	122
200	13	65
221	49	151
-180	-71	-237
-180	72	-29
-10	-204	-29
211	-129	-171
-29	200	48
-191	-189	142
-121	-85	136
77	-2	-208
-14	93	-15
-184	147	-193
-53	-16	140
-8	-63	130
147	-39	122
240	158	-98
-247	27	-112
140	61	-203
-73	-13	-208
-73	-52	208
199	-145	10
12	144	-129
60	-222	-196
156	73	213
-33	98	169
92	241	219
203	-49	10
-217	-231	64
113	149	-136
192	44	8
-185	-126	40
19	179	125
-121	-227	27
-247	2	-168
42	-18	223
-99	-64	133
214	235	37
-134	133	-23
178	-63	-163
-24	236	-7
-4	134	-198
244	236	-149
77	207	44
-11	-44	173
-162	-163	-103
53	163	22
165	42	29
223	-150	-59
127	-10	219
166	94	-20
-156	64	-92
-221	228	182
-102	14	-153
85	-157	161
-160	-122	-186
-109	-45	11
90	-192	53
-24	-42	-106
-78	36	-43
80	-248	120
-213	-36	54
47	75	-216
191	119	-197
-182	122	183
222	-189	-19
-101	-167	-232
-178	186	-42
-48	225	5
142	-202	171
95	-148	-219
60	-89	-90
9	170	-164
-185	111	-172
-238	246	144
-189	165	-216
-81	-88	44
149	-138	205
-9	122	-128
122	-49	228
85	146	-213
5	134	-79
84	203	95
-55	-24	-152
-164	76	-11
-189	-176	-113
-141	230	49
177	-111	55
-52	-204	93
-166	-50	-123
144	129	139
-171	94	220
66	-233	-127
138	-85	39
-7	-21	-208
76	90	-59
-2	-40	-17
-43	244	121
-115	217	87
-239	-64	78
-116	-72	-129
98	-155	-37
2	169	208
-124	202	4
17	93	124
133	155	192
8	177	248
-10	-43	-42
5	-39	-82
-68	15	30
62	242	222
97	10	227
218	63	-60
-139	34	13
-157	110	-25
-3	113	-125
25	212	-137
19	24	3
53	-173	67
76	-49	218
235	-236	-132
236	-235	209
62	6	39
-98	-137	-244
-23	-28	-185
-10	-112	154
139	207	99
-112	-140	-90
-222	-53	60
102	-240	-40
204	-239	30
221	18	207
-154	-227	-175
-167	99	-182
238	-165	138
-195	154	-107
-224	232	4
-216	-204	-96
-20	113	-71
-100	77	-48
-105	49	-152
-198	-247	-143
-70	142	148
-138	51	208
-91	101	-123
137	-193	26
200	101	-45
-37	122	-113
-28	-174	-195
-32	222	-47
-131	248	-76
-205	236	-80
221	115	3
-228	77	213
-118	-93	-66
48	128	-174
-103	-239	196
64	208	-139
105	-18	14
-161	-57	-168
153	-19	42
-37	-246	65
-6	242	11
81	-162	69
168	140	65
250	18	-54
-118	131	192
-235	118	-110
47	-91	79
-123	-102	196
223	-187	-79
-223	96	-54
33	13	143
-54	134	-138
-41	169	-140
-201	42	-29
199	-115	-6
146	-155	-205
-99	-217	-132
181	-176	-118
20	104	15
250	-29	150
-177	38	197
129	-175	-76
209	-91	137
49	-180	-143
-99	-228	-2
-39	160	181
-95	-169	182
131	-137	183
-57	11	-23
-172	-173	-227
-67	-209	-119
-4	-39	77
-28	89	141
53	162	-113
75	-33	109
-11	23	-237
38	-23	-219
120	-235	16
-113	248	-34
163	-147	-177
50	209	-155
-217	-126	-197
-113	110	140
250	-233	-81
177	-122	-50
-236	-193	206
65	-196	-169
166	244	-19
-139	-121	122
-123	-80	201
169	168	36
168	-123	210
245	50	-85
151	-243	-77
102	84	-59
-147	175	-159
-196	216	-90
247	45	-23
38	-208	120
-94	-82	-165
143	-31	-94
18	159	-108
81	-61	204
231	180	-219
180	138	-30
14	-183	-195
250	1	-65
-16	189	190
-230	23	11
-146	-52	-192
89	161	-164
190	-18	148
134	142	-195
-154	90	-9
219	183	-160
-197	239	-55
-169	-25	99
-57	-41	49
-33	241	-43
165	211	-106
216	-15	-172
222	162	203
-175	141	143
8	-52	35
224	-163	24
 
