3	250	1065
234	29	84
103	-87	-92
-230	-17	34
-27	195	166
212	137	-201
235	20	170
187	177	104
-177	235	-77
-61	144	-194
-7	-81	-106
99	-163	-160
-35	-166	-160
199	122	149
-25	144	160
187	126	109
183	-182	-199
-75	234	94
149	71	-160
-63	121	135
2	26	-130
147	250	144
24	-166	-77
156	48	19
-56	-158	235
194	-131	-99
-35	-138	165
21	6	172
45	29	-119
-177	149	121
235	33	132
-250	140	-10
170	-88	248
163	229	-149
245	-218	-140
-117	-115	11
-121	197	5
122	31	160
-239	34	72
128	-60	-81
246	42	75
121	159	219
197	160	-110
200	-18	16
-135	33	141
-175	46	-107
-21	172	54
-69	243	3
-160	48	-49
-5	-204	237
211	94	-82
212	113	54
108	170	-92
-141	-7	238
-143	186	-10
-166	42	22
-130	69	227
33	191	248
64	-191	102
109	-23	219
47	67	-91
-182	-194	17
-237	160	41
-79	-98	-31
-214	-8	183
232	-172	-151
21	172	159
-137	66	-195
18	128	-76
-210	-22	232
-226	186	29
-90	28	189
-33	-202	-84
206	-147	11
-5	154	91
93	-21	-230
139	-236	15
-96	-16	-31
61	-199	56
-140	-235	-154
25	-63	220
242	-72	101
86	-244	100
26	233	42
-82	-194	-6
-185	-199	-39
20	-194	-44
204	-36	186
-145	178	-91
-207	91	88
-188	-11	-210
-199	185	105
184	8	-90
228	-205	-169
213	98	19
63	-247	105
184	-171	204
-93	-97	15
174	194	-29
20	225	17
-133	88	73
-6	43	-216
-217	174	-224
55	29	-133
3	-141	-119
-95	61	232
-212	54	-133
54	-229	-137
217	14	-22
244	101	-33
-6	-215	23
-77	93	-123
173	73	114
52	-67	-86
-215	159	-34
-209	26	-118
-50	90	91
-58	222	182
243	-83	98
12	121	-171
199	76	-217
-65	106	68
-14	86	88
226	249	201
86	-89	227
-197	-83	-170
-142	214	81
-76	132	-196
-31	51	200
87	-209	-115
157	162	-82
-51	-216	194
-241	-1	193
137	-193	-69
-113	11	151
226	229	27
-37	-104	-67
-42	-226	-242
2	-49	97
-12	-247	31
28	199	-83
-156	43	-240
-214	64	201
-109	49	160
227	130	41
-111	71	-213
79	30	11
-44	-215	-97
106	-29	193
59	-211	-191
114	78	-54
45	-99	-208
-88	-210	174
79	58	123
83	-132	68
7	-94	-113
-238	214	-231
155	107	-78
-120	-117	-44
-225	71	218
5	145	-116
-52	28	-229
-151	-153	232
-150	-64	158
94	-180	-168
-64	-181	-114
-177	47	206
31	-195	154
-54	73	161
-59	-110	-45
196	-234	-152
-237	-89	-194
193	25	181
194	92	-177
220	112	-52
-235	34	205
-33	80	-206
-213	215	225
-248	5	-103
-116	78	17
-139	-76	-94
-244	61	166
182	47	90
-73	-112	204
112	-48	-125
168	-214	118
-221	-168	-160
2	-69	-38
-192	-216	-7
-3	73	-25
-107	19	127
-73	-250	219
223	-138	174
-156	169	-33
-139	-67	164
51	-188	203
97	217	222
52	-241	1
-218	-138	101
-19	-17	161
-8	11	-16
-215	-132	199
14	12	42
-82	-41	147
-26	188	114
15	127	84
-13	-52	-1
13	1	222
-64	96	85
-57	-53	192
244	4	188
-197	47	76
-158	20	64
175	137	-174
-14	153	-4
-16	-66	245
227	90	75
-116	194	-101
-7	247	-61
-131	-20	-60
125	-240	198
-148	-168	-181
-53	86	-160
-78	-20	-229
45	-80	-5
-236	-88	-218
-24	104	78
170	127	-133
61	-107	166
24	-39	-195
-7	128	-245
-134	85	-54
-8	209	5
-36	-99	-141
67	-162	174
-168	-196	195
-113	53	-91
44	-21	-88
-82	-197	224
108	-215	-23
98	144	157
-48	168	-130
17	-127	164
-230	-6	-21
64	85	133
-47	214	2
-31	-53	224
-53	207	183
-40	113	-61
-56	175	-112
-188	4	221
171	61	1
133	207	241
-138	56	210
178	-104	224
-9	182	18
7	244	87
65	206	43
152	-192	-116
-160	67	17
-147	115	193
190	101	8
-113	-173	38
215	-129	-33
243	150	240
-21	179	210
-228	33	155
67	171	-186
-195	40	42
-150	112	-181
-234	143	-142
-248	83	17
164	-135	245
12	-183	-110
85	-59	-91
228	182	-104
103	122	43
-194	187	-245
8	49	165
-95	-186	133
147	178	-11
210	149	7
112	-211	217
89	156	-52
-77	117	89
39	-198	217
-185	-157	-162
-222	-20	141
-192	-214	-195
-145	44	-84
-23	41	82
-3	-24	186
-95	187	-113
-24	67	-202
186	-204	-212
-154	-209	4
-15	201	117
-44	-209	-19
144	-217	210
-14	-121	-221
-188	44	116
-35	-43	-14
233	-36	86
145	-85	-246
121	-193	-52
249	106	234
-177	-81	55
-68	-215	82
-182	-110	108
-109	-84	-230
100	174	3
-96	-213	131
197	220	77
-52	-55	153
-197	-90	200
74	-99	49
126	-29	-48
-119	-126	170
-239	206	97
-7	-62	-168
-82	-61	-16
214	13	-227
-211	137	-31
172	-71	142
96	-218	68
-180	-5	115
144	98	15
25	-70	170
-241	-122	73
-138	-235	-1
10	178	180
-126	-16	161
173	-160	88
-94	207	158
-200	-226	31
125	190	206
117	190	-93
-45	1	138
169	186	-60
123	52	-154
-126	244	-138
46	246	58
-118	-75	174
-168	-104	-85
117	7	-105
202	134	-151
54	-109	204
147	49	103
-96	-216	123
163	75	84
176	-46	225
-34	188	146
15	197	-126
137	113	139
-87	-206	173
-12	-149	-63
-23	-9	-135
246	-12	-130
-45	16	8
-30	111	-7
219	43	129
227	-51	112
-45	215	-119
70	131	13
-128	93	-148
-114	12	-221
-95	-19	50
-64	174	233
-180	-167	200
-229	121	-104
56	119	-160
25	-205	220
92	-224	22
144	87	35
-105	-8	-149
106	-189	-22
-216	239	-87
35	-154	-221
-175	-122	-214
-238	69	-249
40	-132	72
194	112	25
-27	-81	-242
124	62	92
78	-9	-124
210	-184	-31
67	-189	38
-179	-245	166
-140	-114	232
28	143	162
64	-221	92
161	154	-57
181	117	56
-241	-221	222
-10	199	248
232	-116	-5
-92	120	-124
38	-52	-112
-202	144	189
29	126	58
61	28	-226
-36	192	-55
155	-128	-228
-234	173	-24
31	-125	15
-198	212	-87
-108	-63	-129
87	-125	95
-194	124	239
106	-77	208
180	113	70
204	143	-159
-51	-141	-5
-211	149	19
-34	222	141
-100	21	-167
-16	242	-95
54	124	-39
-203	-230	142
-35	-213	229
-229	-53	-91
-98	-238	-120
-91	216	68
123	-227	-67
23	-231	-208
-71	134	-215
-40	127	174
-103	159	52
6	-162	-51
67	-199	-228
-186	-20	16
87	-221	-172
-96	-233	-149
222	-158	99
-21	46	-223
-131	-7	192
192	243	-94
103	-99	207
189	-217	-16
62	10	41
-206	139	118
21	226	17
88	-191	118
-152	-131	80
-163	229	79
-64	219	225
-205	-136	235
240	-88	-14
219	-33	86
-117	113	-231
32	129	211
-15	-14	-212
72	224	-49
39	49	-213
127	-213	27
99	-189	221
136	-209	44
59	29	2
38	152	-131
-165	152	190
33	-107	-37
34	-51	-190
106	207	175
190	103	-188
-47	-18	115
85	-242	-228
103	28	195
189	211	50
150	8	217
-51	125	88
36	196	38
158	-170	-60
-194	150	-125
107	163	200
-143	-51	151
28	2	208
-97	173	-194
-71	-218	56
138	-67	-232
115	-33	15
41	250	235
-203	188	-109
-179	-163	124
207	-213	-99
-129	-227	228
184	-225	-239
242	-177	200
-29	-67	-220
165	162	163
-226	137	83
-208	213	32
-194	244	197
-201	122	151
120	-189	18
-139	-177	-163
29	89	-155
82	229	-150
113	-72	-115
-120	-111	78
164	32	206
-19	32	-174
-80	-174	187
222	65	130
225	197	232
80	247	-157
121	91	191
-2	94	-207
-246	-45	223
-247	106	228
237	-77	-9
-142	241	-109
-187	98	125
216	228	-246
201	25	220
94	182	-81
-7	71	-107
128	173	95
123	-59	78
110	-105	-129
-151	-56	-165
230	177	-66
-85	-245	-65
29	-119	217
212	-96	-226
-74	75	-243
233	35	-89
190	-205	-201
-162	163	67
-249	231	149
-162	-144	-147
-67	-114	237
112	102	-62
10	-17	-108
129	144	-107
-100	-29	-71
-198	-250	-66
40	17	-79
-47	-89	202
-31	43	240
-65	-169	136
-88	111	-68
-130	-84	238
143	-232	155
-191	167	-111
-38	120	98
241	-93	-123
30	125	-1
-83	226	168
-55	-11	220
-96	-228	-144
205	-141	-241
-245	-228	-110
181	78	-168
152	120	-249
146	131	166
-187	29	-207
162	101	-133
-214	26	206
119	-26	-141
-56	43	-57
-37	-19	159
149	-108	-116
159	-92	236
-136	91	-27
-14	-75	-10
21	175	49
-163	227	-179
-103	-197	-125
-103	-10	-120
81	-230	-227
230	-235	-57
92	161	153
159	-207	204
-18	-26	131
39	235	78
-148	55	27
131	-175	187
-41	-103	-247
-116	154	195
-94	79	-83
-212	242	239
76	-219	-200
-149	-16	-236
8	55	-100
97	174	-30
-229	-10	-150
-231	-31	163
-170	-39	-92
-61	-188	-48
-108	38	67
-75	34	93
168	-232	-79
-156	-81	-7
240	-47	125
-181	-63	-104
-80	-25	-192
221	-167	173
18	-152	-165
211	-139	-196
151	107	-215
162	183	-190
-45	76	104
-51	-143	-2
115	-128	-40
-212	114	-72
92	-30	-106
219	-177	-36
-173	-195	-54
76	24	98
-80	-46	174
-74	64	-71
-139	-63	129
-86	-58	216
-109	-58	-149
-16	-1	28
231	-225	-65
-4	-42	222
154	-52	-165
-245	48	-205
-126	-19	127
-154	-189	-2
126	243	-198
205	-29	-215
-16	144	-203
-97	162	-225
1	-219	122
158	-62	-104
-19	-113	-7
138	-248	49
47	65	246
204	38	-29
186	198	-26
18	70	48
-180	191	-27
62	77	59
-119	-52	-133
-111	63	-120
71	-119	241
-147	72	234
-168	-112	-91
-71	-38	240
-126	-45	178
-166	2	148
-200	-17	-113
197	107	-23
-225	154	-229
81	-232	-208
-38	142	141
225	-247	-27
249	-126	-74
-213	138	-60
103	-182	148
199	-227	16
-99	-136	-61
-92	-221	116
-71	-204	166
-46	247	-198
67	5	113
-147	192	-159
197	158	103
91	144	-48
-22	69	-188
-106	-79	249
-242	58	33
-33	212	7
229	115	-223
-217	142	65
-149	-217	155
239	178	-123
-120	-110	98
-205	-223	237
-172	215	249
-62	-18	77
-31	-153	190
-40	-44	127
-10	123	94
103	-221	-56
211	-18	192
-50	-15	-10
-6	208	-227
4	106	18
-189	204	-38
169	16	-13
-216	102	-10
-158	-95	-135
29	230	-85
-113	15	-140
-145	177	210
-153	-3	-115
-89	136	49
202	48	6
222	207	97
56	-2	32
-29	-60	70
-97	60	-182
-172	234	249
9	242	-49
-210	-159	156
-58	203	124
174	192	-155
57	-8	-170
-147	193	182
99	-7	193
-69	-55	-70
-36	-106	-107
126	18	-202
-236	-219	-79
-201	12	-132
11	85	184
246	62	-222
-46	-128	201
-132	158	-242
-86	-25	-165
96	178	15
145	4	102
50	-151	-231
24	-29	-62
169	74	160
14	-137	5
-69	-61	17
-24	-227	-4
2	-200	218
185	12	17
189	93	-59
165	-123	47
68	-18	-74
47	138	199
247	-87	-63
44	-78	244
230	-96	-222
-97	5	-234
151	-97	-58
-150	-156	220
114	213	187
-207	45	-214
-144	167	-156
48	237	-54
-239	-236	118
67	-61	250
121	125	-109
-236	196	-96
-98	-120	170
-113	-213	-240
18	-238	-248
-82	-111	41
-120	181	39
148	169	-230
72	-182	168
-248	-180	76
-162	-28	177
45	88	53
-194	201	44
128	-89	-44
-133	-148	135
-23	56	109
71	-53	-165
248	79	-169
-153	-129	-26
153	55	-73
-118	-35	21
-53	-54	-80
186	-175	44
41	118	173
241	217	-149
28	122	-195
-77	151	-232
-122	-53	83
-209	198	-165
226	4	-195
-35	-94	-69
-157	219	-67
-46	-247	-238
175	120	92
67	227	-109
209	137	-18
194	-22	128
-195	205	-249
-76	6	29
-23	-161	7
55	-130	244
231	100	131
111	-53	245
18	-61	-82
77	-1	87
-191	186	137
-44	238	142
-215	206	54
35	-83	98
-42	206	-76
136	-229	-142
-65	-207	-136
207	95	187
-48	-88	-84
221	246	-168
-3	10	184
-42	97	-53
158	9	28
-96	-66	168
142	-181	-116
-15	229	249
45	164	-126
31	249	-188
139	189	-22
178	9	-164
33	83	-119
-61	-76	-156
116	204	245
8	-151	-26
-12	-135	-152
-65	-211	53
175	-53	160
76	-105	37
-158	-165	-199
-76	-205	-41
198	-194	-179
-84	-52	-224
76	207	-67
160	184	137
14	-192	-35
-23	117	-108
123	-201	-37
58	-19	-125
-97	-41	-84
64	-163	142
13	-239	177
-106	-63	-243
-60	216	205
-85	-187	126
119	234	-186
-70	-94	141
39	-69	145
-217	-21	19
-6	-40	-45
155	78	197
-243	-157	122
215	-191	154
-163	188	135
39	-114	130
-47	-150	166
-21	232	160
-228	-81	-3
-245	102	162
219	-71	-135
187	-199	29
104	213	1
76	-82	-196
-53	207	237
235	-55	-90
248	-89	-191
-45	-95	-58
-31	-106	211
-200	-228	36
85	81	244
-18	-104	23
-244	193	124
-224	-209	-217
-166	-176	-207
42	7	248
-118	-101	180
206	-244	20
86	-160	80
-32	-42	-205
-156	35	-134
-230	187	68
236	33	-61
-127	-198	156
-235	31	72
-66	175	-100
-166	-58	-107
50	-202	215
107	83	24
42	-24	54
178	-29	247
197	-144	133
-235	176	51
26	-142	-90
72	195	153
-197	236	145
-18	209	-15
249	-246	67
-56	221	-245
-23	-91	-92
-40	162	-135
56	122	105
212	20	112
130	124	27
22	-40	137
-12	-4	13
-43	244	238
14	25	28
-181	182	-219
-3	-77	-26
241	202	-244
120	141	-175
-115	-53	12
-239	107	246
-194	-67	129
-209	-198	20
134	-71	9
46	-42	100
121	-173	-133
168	74	-14
-115	-2	167
2	-88	188
-58	-191	157
184	-119	-14
13	-153	217
-245	-63	-10
-29	-199	-52
-80	-17	-137
77	-107	-4
-233	-185	142
-208	205	153
-181	145	48
179	-191	-23
-200	3	-54
191	75	161
172	-231	-76
-175	129	-87
229	39	138
198	53	-66
-226	197	232
7	200	-236
25	-198	-63
-58	-148	212
9	96	118
-232	-72	70
-219	215	47
-138	-71	-19
123	-240	-87
149	194	-81
-140	-248	-249
57	-179	-172
-174	-21	-39
-131	-94	-211
202	76	88
-210	-232	103
165	248	243
54	-24	146
63	97	-210
167	15	213
-110	-7	-37
26	-129	225
143	18	99
154	-172	-161
-249	111	239
16	-225	43
30	-213	137
-79	-122	-118
-242	-62	149
127	-174	203
-151	-150	-43
201	-232	-192
187	-65	-43
-32	-234	-13
-22	-12	-111
42	-27	145
65	171	78
-177	-195	128
-170	-31	-102
-120	-232	249
224	248	152
214	-147	43
-105	79	-244
-100	-218	-23
-189	-19	-214
-62	223	-166
-85	54	144
-178	-200	-125
-164	-31	140
-169	171	58
-52	-169	29
216	217	173
155	-22	-217
202	107	-178
-130	212	-80
245	146	-107
142	-78	205
82	92	71
196	-73	-120
33	-43	-124
-51	-225	-113
145	-140	-53
-149	36	-81
232	-31	-23
-13	187	-229
-104	100	-185
-192	-150	72
234	148	-61
15	-98	175
-223	211	15
161	-200	-163
27	108	68
-124	-85	215
79	-162	178
82	172	-86
160	-34	132
240	155	58
126	-91	-89
-139	150	-96
224	-20	-56
229	177	-120
41	-209	72
223	-88	-168
230	-36	-56
46	-150	174
-89	-198	243
-125	-39	-7
-24	-110	-56
-98	-151	-238
-57	22	64
48	-212	-230
88	-45	-17
61	-15	-13
68	-55	85
220	-15	-82
66	42	167
23	169	131
-193	-73	137
-139	7	148
34	31	119
-70	-129	-155
-72	-197	-155
-75	-179	-239
-55	-22	-184
-57	-29	26
-39	-213	-217
180	-20	88
-2	47	-1
168	62	-156
96	-71	179
-210	-35	-34
-67	-158	-2
-227	-244	21
112	153	90
169	-99	-174
-170	179	-204
-185	172	89
-160	52	75
208	-141	-212
152	-77	63
-245	94	211
-130	-232	236
49	78	-112
-183	216	-32
-109	-165	-16
-203	-235	33
-228	62	-61
-24	-79	56
27	135	29
247	138	-206
-203	-11	179
-65	152	-173
-104	139	-31
223	51	-119
-43	105	35
193	69	104
-233	-119	179
-108	98	-183
-122	-230	8
-137	24	220
14	214	-155
145	-68	77
118	-82	-168
8	93	-154
130	-220	-159
 
