3	250	1065
-154	-144	166
-212	-6	197
-5	-170	-27
185	-73	159
134	162	54
-58	-22	220
-5	-187	124
25	141	-4
-19	58	-230
48	234	-65
-177	137	-204
-14	115	116
-222	-90	142
131	161	-74
13	-136	-157
-11	163	-121
144	-73	-95
-10	-182	-249
-167	-37	-51
163	-160	25
-54	-248	-174
-154	105	55
-158	123	196
46	-191	139
235	-94	-196
-20	-216	-182
-175	43	248
-243	198	233
-41	-150	-197
-216	-230	-221
95	-8	-98
-169	125	29
27	96	18
-16	75	21
90	-220	-246
193	226	-243
26	170	-67
-125	113	15
13	138	-124
49	191	-98
29	-194	-204
214	9	-125
-200	188	-74
-13	92	-84
13	-174	-126
89	247	70
248	232	62
-84	-211	-63
-103	187	234
-120	-85	-32
-121	34	246
243	-73	246
-180	-29	-218
134	-37	-79
225	93	-236
5	-208	214
15	-141	113
-18	124	86
-128	249	58
107	90	-122
-23	101	167
-27	-117	-206
197	-144	-25
53	-7	139
140	-70	-94
-221	-185	-40
-203	197	-7
59	32	-27
223	-117	163
-115	-117	195
-147	-99	-41
77	188	-159
-217	-154	26
150	208	-207
-187	-183	-50
237	-37	25
-239	-51	198
-141	101	-196
-6	244	-139
-145	243	140
-120	-110	68
156	127	-91
146	164	-75
-22	85	-164
119	-191	211
39	-4	194
-146	-54	-208
210	-52	-144
204	164	58
86	-193	-45
131	240	182
156	-240	134
-93	-185	-92
209	173	-148
-120	-125	166
92	-52	-106
-103	-31	-190
27	-236	100
-101	-180	241
-221	-65	154
2	71	127
-57	-197	-33
161	-210	10
-178	61	68
147	71	1
-34	-121	-203
-197	161	-238
104	-53	-74
191	-58	17
106	-129	-93
-183	194	-13
90	-30	-137
239	-76	-33
18	-129	-219
-57	243	-81
42	-32	185
-30	6	48
-147	-71	95
91	-152	162
11	-242	-41
83	-182	172
35	-16	-94
-101	78	-246
-229	-97	-31
-188	167	208
119	91	31
-127	-142	-32
-145	74	42
20	-248	145
-16	75	-217
71	-171	-66
-117	87	65
-112	202	-111
200	-111	127
144	-176	-89
-86	219	63
-75	186	-110
177	195	-118
167	-47	-70
-57	-34	156
37	-230	22
-122	207	27
147	22	-55
224	225	198
-24	-74	120
232	6	243
94	-225	-80
231	103	197
-186	-91	-230
220	158	71
103	69	-44
220	165	123
-225	16	181
-177	236	139
-152	-89	181
11	-32	-85
203	-97	71
153	120	-122
131	218	158
-41	-24	116
238	7	-76
228	13	-49
155	240	64
197	-202	-73
-131	-11	-219
39	219	220
66	19	-43
59	-222	-119
228	194	143
-244	-178	123
-176	212	73
-176	142	-131
-98	-65	-169
157	-164	-109
162	-207	85
-139	-94	220
-74	-164	-187
152	-230	-8
236	-102	108
2	63	-27
93	-235	39
107	-20	191
-237	-126	-52
188	182	-99
-115	28	-62
86	206	144
151	-124	108
-165	-154	-208
-214	85	62
-244	139	124
220	-207	175
245	98	-122
-250	169	160
-179	150	149
-53	-22	-148
-207	-126	105
144	214	-175
-218	50	-108
191	-194	74
-98	-237	124
-143	-118	155
-75	-143	-88
188	126	-187
219	194	146
144	130	-67
-46	18	96
-74	89	-238
-50	26	20
189	39	-216
-164	-224	128
208	-35	20
-149	-58	-124
30	19	237
72	194	-96
-36	-192	-149
-165	-130	-173
219	-82	-215
53	247	-203
-95	-118	-152
116	191	120
153	-17	170
-231	169	-184
129	63	-147
-39	-196	-60
-118	2	155
-28	-168	-25
-50	-223	-144
133	-46	217
221	166	-14
-246	-223	-151
-158	-238	84
157	-235	-48
-204	-101	-11
238	-101	-52
150	126	130
216	184	78
-124	22	-248
-136	-25	-66
32	-182	-46
240	-82	52
209	-97	-11
49	-18	-147
11	-74	-242
22	1	118
243	-75	132
-121	-153	109
-7	237	-22
120	42	34
-48	-139	3
215	-198	161
-109	-112	-7
-221	-250	-181
-202	-21	4
-238	180	-10
-77	-60	-163
92	-14	15
-43	-202	-7
-185	-145	179
59	117	240
-34	-184	143
99	13	63
-122	-154	-245
-37	-60	-83
26	56	-79
-100	158	119
41	202	-53
-146	187	-67
-78	102	-2
-122	93	-56
136	-208	-88
44	240	-142
11	-237	-143
20	205	59
21	-236	218
6	71	-33
-33	-119	221
131	227	-50
231	74	-131
-164	-116	-230
-206	198	236
-219	-73	-180
3	-127	-121
229	-130	248
103	-81	-208
-248	-166	-97
-44	122	-209
-118	64	-81
-163	-94	109
-2	-56	107
-109	136	-234
91	-162	8
-3	-133	83
154	93	-171
65	-101	54
132	-125	-105
-177	155	249
228	42	-201
123	-186	41
241	64	-187
165	220	50
10	-233	-197
76	-186	28
224	-119	-246
101	-152	-58
212	-111	-114
-54	-140	152
236	-223	45
73	-222	158
63	87	-222
-15	85	-29
-48	-149	199
-134	-167	-102
220	136	50
-100	207	91
234	165	-37
158	160	-242
165	192	103
-158	58	152
-77	-194	229
-175	146	-223
-156	165	-143
-83	-186	-142
202	110	-38
125	143	-76
-162	-235	-134
118	-101	56
211	80	-13
83	216	-74
1	192	32
-64	208	76
-89	-210	122
-221	181	-199
198	-115	-178
-160	235	-187
34	124	190
131	160	-241
122	25	-141
-32	-206	38
-205	136	6
124	-111	190
94	100	-171
-45	224	249
-108	75	-213
-167	-238	-74
-238	3	-11
188	-158	-80
82	-36	-156
88	-79	23
238	141	-44
-211	-51	-176
202	166	-148
213	-105	-176
66	23	-224
-144	59	-89
111	80	-202
-26	3	95
-62	245	-223
133	177	181
-54	159	-61
-43	-207	10
174	-17	63
136	-2	-91
-17	-122	-129
199	-32	-52
-190	-216	104
10	-134	112
169	-38	54
211	-163	-89
59	172	-34
-9	61	-34
218	154	241
-209	-94	-95
177	154	-50
248	-72	-112
-211	149	17
123	74	-191
-156	72	90
-137	-215	-233
-127	227	-68
-195	-219	-107
-247	-86	-36
183	104	221
103	-241	-223
-82	54	-180
-107	-236	155
-176	-193	-204
112	62	7
91	187	101
-16	103	81
132	108	107
154	-247	245
10	-70	185
-127	243	-206
5	72	79
207	-148	188
116	-88	-6
-233	-205	-34
-186	97	-177
-118	-78	54
-27	-119	-217
-223	-47	-238
-192	138	136
160	-241	202
69	-250	102
-192	-222	132
59	-159	110
228	78	-153
-219	211	198
195	-115	79
-61	179	-246
6	-146	-90
130	169	53
-239	-250	64
17	-115	-226
119	-222	-141
-45	170	124
-110	-164	234
15	184	-14
-190	-137	-48
127	-99	181
245	-8	14
-183	-1	-211
-180	177	-89
-127	195	95
133	235	-175
-157	246	144
-217	-46	-36
-82	141	-123
-129	-211	-73
-49	17	-166
110	-236	162
38	123	71
-20	131	172
21	-180	215
-24	-202	-116
105	34	181
42	-75	209
143	166	-138
68	-79	119
-131	-194	-223
191	237	-181
-208	-44	-42
174	48	-105
250	-179	-241
140	92	-105
-10	-29	-223
-158	109	-19
-138	198	222
-154	-9	-11
-56	-16	-63
146	138	179
94	-235	-187
37	73	-159
90	218	176
-70	168	-69
-32	223	-83
-39	185	146
187	83	-152
-12	180	184
240	-99	213
4	-13	12
-247	-12	38
222	175	167
88	-31	-187
67	208	65
69	18	59
-183	-101	43
-54	214	-205
-228	-174	-4
-130	12	-179
241	-108	211
80	121	-166
153	144	-121
80	92	131
-55	136	-87
-176	71	-234
201	199	-43
-24	223	-27
-101	-159	-232
-56	46	-123
19	204	-23
-174	-41	-91
99	181	-134
-16	-176	122
234	213	-160
59	123	-141
224	49	-22
225	-114	-109
-72	-3	109
-57	234	229
154	-149	206
25	204	-130
224	243	-8
16	173	-248
140	-173	231
-202	42	-220
238	-111	-154
11	-130	164
13	227	189
-9	241	228
-61	-158	-30
205	104	133
83	139	-218
113	-78	-171
133	170	203
-182	89	-226
190	11	73
125	164	221
-75	127	149
-221	133	248
-242	-186	-115
187	-86	181
91	32	-176
133	-199	67
109	164	-200
-133	79	140
168	-234	123
111	-83	-62
227	26	134
110	166	242
-14	-155	-158
191	-70	-187
-93	28	-11
-90	41	-181
51	193	-154
120	-17	-80
-230	-110	-50
95	-15	246
-10	-8	-100
178	31	-126
6	-192	144
66	198	174
83	209	111
-138	74	37
171	192	48
174	28	61
131	179	227
150	-127	50
39	92	-188
-93	250	-144
10	218	193
100	-165	234
-167	-118	153
80	-167	199
218	-84	27
-26	234	39
24	-153	-239
-34	146	-75
-44	-191	119
21	175	-194
-119	62	-151
-231	55	107
-175	95	231
201	76	-33
180	-88	-164
-40	-3	11
144	141	-95
86	34	1
-159	234	-108
180	232	-13
43	144	150
-95	-227	200
96	-63	92
-128	-37	-107
-160	158	-141
-70	44	-138
-29	-191	-198
-37	225	237
2	-199	-152
-17	93	37
151	84	-81
-10	82	-118
131	-98	223
-232	227	-242
13	101	19
-87	-159	-117
-94	-207	2
-208	-43	-160
-224	140	-112
-140	36	47
191	171	-213
-228	-180	117
-42	98	-72
-86	-2	-121
-143	107	179
-243	205	183
-116	-241	199
-12	-187	83
-49	-216	184
138	39	5
70	7	-200
141	-10	167
-135	-242	-192
-30	-3	123
40	-136	-93
61	31	-152
-228	197	-182
150	-205	153
248	-202	110
175	-204	-243
163	58	236
-236	-46	238
-79	-90	-12
-89	180	134
55	-225	-2
-2	-155	56
28	205	168
72	-200	-198
-16	-19	58
-198	21	82
197	71	-228
125	86	150
151	172	-221
227	-21	-170
-142	117	-157
46	12	-24
-139	189	-119
-82	-210	111
-156	-235	181
81	21	-223
100	97	244
-92	-249	35
-101	-11	-33
-222	96	-231
-218	-116	-155
-139	-18	-87
228	-232	195
85	43	136
114	-225	-171
-228	95	-70
-121	173	-6
154	32	128
223	-128	113
183	-108	-91
-57	179	62
115	-181	19
-17	-41	-104
215	-111	25
194	151	127
1	-60	7
-158	-52	-247
248	188	174
247	47	-173
-41	67	42
245	-101	104
68	-70	92
198	242	201
184	89	-79
247	151	19
-82	63	-220
226	-132	-202
81	143	189
-64	198	-120
95	51	-131
-233	171	11
85	-83	-205
-234	230	43
204	-75	4
-54	-63	-109
-132	159	-118
-215	-196	-56
70	-216	-185
-168	-91	-21
229	-217	-51
-34	-32	-135
-124	138	-192
134	-126	140
14	155	119
22	-55	-249
-48	175	181
179	-198	240
-45	11	-172
212	-93	-64
113	-148	194
-11	-17	9
43	-128	-31
79	-43	-168
-159	189	-90
111	-131	114
-138	-2	100
229	235	-177
166	96	-218
-80	-5	-133
-135	-87	32
-80	-29	-25
-228	-153	-201
79	-77	-64
241	-239	-164
25	42	227
79	119	146
69	-25	-223
238	8	210
210	-45	108
-12	-192	56
106	-75	213
71	247	-35
-177	4	221
4	-14	-68
-126	-149	-177
-26	-243	-248
249	64	-172
-247	-34	-192
241	172	-10
-44	159	-45
-143	116	-174
-66	-103	231
175	133	120
112	-90	-211
17	-192	-152
-243	-54	-106
82	-9	-63
149	170	-82
58	147	-20
-11	34	109
152	87	73
217	-85	25
229	45	-189
-240	-121	-10
149	171	36
-212	102	-128
-186	188	-168
194	-129	126
243	-63	220
-180	-99	28
-21	119	-144
-42	-23	186
147	-181	148
122	-177	152
-199	109	201
-18	-94	228
159	-33	88
114	-139	-6
100	33	116
104	73	-153
-164	-66	69
207	-137	93
119	94	-223
-64	-204	166
-225	59	-112
-103	-28	-225
232	-125	88
-159	-37	162
-15	-225	-219
219	129	233
-240	109	124
166	12	167
-72	244	122
-248	139	-8
140	38	41
219	108	-156
135	-237	199
136	62	-28
40	43	41
210	149	148
-47	240	-123
140	216	-180
-121	-152	231
50	-199	67
200	-206	-224
-112	-3	234
178	-95	30
26	-53	198
31	250	56
-173	-39	-8
140	-248	-216
-188	159	-16
-14	41	-249
68	-78	198
-176	-98	-77
147	133	-210
33	-194	100
-245	-175	-155
-192	204	-29
177	-3	51
-215	-82	-177
-115	226	127
-79	17	212
-185	202	-50
-166	18	129
-10	-235	146
-119	-25	65
-33	67	105
-91	-234	-66
-17	112	-173
211	88	178
196	-143	111
-98	-170	-166
-66	-4	-198
-37	161	6
152	18	-171
167	69	-88
127	-176	144
-7	193	-60
98	110	-115
186	221	189
-52	-217	-131
113	-120	136
63	168	206
-77	220	-139
114	8	-178
-114	167	-194
204	-168	-57
102	236	137
-86	-186	228
181	240	-58
86	-156	-89
216	-104	-60
-241	44	220
135	-185	-13
-161	-89	-129
-141	32	-76
-121	26	79
-165	-39	-64
-211	-50	99
-114	73	96
-163	-181	-74
214	-31	-160
-63	126	-247
-40	-220	212
-145	57	-196
33	-211	168
-240	-163	107
106	-17	-193
-14	183	171
99	-215	-170
-31	237	-180
-26	-82	-41
-201	-86	-11
95	-202	-86
129	26	120
-17	101	-62
-75	-236	115
157	-51	120
-145	190	109
38	-142	-133
102	63	-20
-122	-187	158
-96	50	-173
239	-244	-100
-110	190	107
-201	-127	-131
143	47	179
173	130	-122
6	-84	214
-70	41	56
-246	-234	-208
120	-96	-179
-120	-68	-92
-212	168	-20
43	92	241
-179	-14	-7
-18	10	-55
-158	-178	-18
-185	131	98
-155	-99	-212
-168	125	-245
-135	-28	-144
-140	-132	128
-87	65	-177
55	174	81
-246	-236	-151
124	-44	-187
218	122	-42
142	115	236
-51	104	-179
157	115	-231
-217	-229	-184
64	214	38
26	202	-181
-16	-70	-83
-190	-107	-66
-61	130	-149
-160	-96	-108
-13	-225	-119
172	-1	-207
206	134	-13
192	115	55
234	-18	-183
-9	-228	107
-15	92	93
-128	51	-172
66	13	-90
-208	-87	-216
-22	186	158
221	77	170
101	175	-67
248	-129	151
-35	206	90
180	-117	203
166	216	-92
-101	-129	-63
-55	-148	6
209	18	211
65	198	-173
33	201	-133
12	137	-40
-201	107	88
-211	21	90
-226	-133	54
-66	182	40
-110	-67	212
-90	93	-121
248	-9	203
-194	156	153
-87	120	234
-202	178	-105
177	166	-89
-230	-91	146
202	121	231
-156	206	-154
177	-34	-150
28	-124	-142
-3	151	74
-224	-34	-122
-239	-43	196
115	-108	61
-239	166	131
-114	-34	202
189	156	-67
-51	-100	-246
24	106	-34
-92	-109	88
-24	103	153
9	229	241
29	90	-201
-202	-110	-49
-158	36	26
115	31	-117
102	15	-136
-194	-119	14
-86	95	-209
52	-238	-188
-91	98	-226
-114	217	247
-173	-3	205
-36	232	193
147	-167	-11
30	85	-92
-238	-155	-173
71	76	-233
123	47	-110
89	188	-142
-93	52	220
139	45	165
42	99	-144
154	246	-201
-239	-150	-179
-16	91	2
-246	-163	-102
229	16	228
-27	-194	-97
-219	196	59
98	93	-148
157	-74	85
139	214	75
218	112	59
223	-58	212
-88	-53	-130
-157	59	31
50	206	229
239	40	176
63	76	73
-62	-194	-81
-149	85	41
-195	-125	-64
237	176	-162
96	-104	248
181	154	106
-21	-166	-128
145	116	-50
-53	-100	-111
-140	228	-243
162	-28	-106
-104	170	103
217	14	209
201	134	172
-200	238	-33
-145	36	157
187	-155	227
132	103	-111
163	-69	-75
-138	79	161
-49	-166	70
-13	-102	-26
-86	22	-14
-137	24	200
134	-246	-158
-79	-215	94
18	-183	-110
-204	-7	-22
99	88	157
127	-184	-11
213	-56	140
-65	220	-243
-175	-217	171
-79	32	211
250	-207	-193
186	204	-225
-135	-76	-147
-42	174	126
85	-198	-91
-54	-182	127
-167	-127	72
-68	-86	-157
-125	-4	-81
-59	50	147
-71	-149	-11
-65	-61	78
-219	-20	115
33	109	81
-63	168	-97
38	138	-90
250	150	-45
-107	-5	17
-48	162	-109
175	87	-134
212	-83	-89
36	-131	72
77	65	-112
-94	-82	-153
170	-135	14
5	-117	142
15	204	154
195	-111	-176
-48	-47	43
-128	-169	137
199	226	159
113	-83	30
128	-114	-173
14	-217	-173
-59	-44	90
-237	-133	38
-221	87	188
-63	230	-220
111	48	105
205	162	-65
-106	-93	132
-248	-208	192
41	20	24
149	-115	-105
25	-101	-121
-89	-250	70
76	140	-14
62	115	-240
-143	24	109
205	-52	106
52	-230	-1
-178	27	32
-163	-105	220
146	82	-117
9	34	196
115	161	67
8	-210	44
144	-63	-192
207	111	214
-218	-124	-75
250	-103	94
84	-225	-127
156	47	-19
-122	1	48
109	118	-178
-199	144	243
-140	102	-203
59	-132	73
52	-14	-111
 
